#! FIELDS time rr
 0.000000 0.000000
 0.250000 1.994475
 0.500000 1.993644
 0.750000 2.129382
 1.000000 2.250123
 1.250000 1.928537
 1.500000 4.190906
 1.750000 1.563211
 2.000000 2.338587
 2.250000 3.406177
 2.500000 1.690003
 2.750000 4.320554
 3.000000 2.611121
 3.250000 5.991224
 3.500000 4.472449
 3.750000 7.049640
 4.000000 3.917712
 4.250000 4.801022
 4.500000 6.224415
 4.750000 4.002317
 5.000000 4.718352
 5.250000 6.206294
 5.500000 7.110028
 5.750000 7.854285
 6.000000 7.459776
 6.250000 9.766131
 6.500000 4.993950
 6.750000 5.041779
 7.000000 2.659670
 7.250000 4.280548
 7.500000 4.383242
 7.750000 8.165527
 8.000000 3.290291
 8.250000 2.594240
 8.500000 3.991292
 8.750000 4.893683
 9.000000 4.825367
 9.250000 5.041201
 9.500000 6.032349
 9.750000 11.177433
 10.000000 7.084406
 10.250000 6.070236
 10.500000 6.946324
 10.750000 8.239365
 11.000000 12.726435
 11.250000 7.595286
 11.500000 1.226560
 11.750000 8.098465
 12.000000 6.404649
 12.250000 2.794617
 12.500000 8.319470
 12.750000 5.127526
 13.000000 4.019499
 13.250000 9.688774
 13.500000 8.159159
 13.750000 9.260918
 14.000000 11.295831
 14.250000 7.737811
 14.500000 2.808031
 14.750000 9.961526
 15.000000 6.979971
 15.250000 3.804983
 15.500000 11.226266
 15.750000 11.142800
 16.000000 5.204101
 16.250000 7.795594
 16.500000 12.533560
 16.750000 11.071965
 17.000000 6.096713
 17.250000 7.156831
 17.500000 10.094379
 17.750000 12.148361
 18.000000 10.915102
 18.250000 8.772306
 18.500000 8.952851
 18.750000 10.672099
 19.000000 10.965467
 19.250000 12.314755
 19.500000 12.912783
 19.750000 11.904692
 20.000000 10.656777
 20.250000 11.043793
 20.500000 11.754999
 20.750000 12.391549
 21.000000 12.708756
 21.250000 13.186549
 21.500000 13.753339
 21.750000 14.013334
 22.000000 13.042026
 22.250000 3.623650
 22.500000 12.938738
 22.750000 14.485784
 23.000000 15.652807
 23.250000 14.836911
 23.500000 5.477731
 23.750000 13.451198
 24.000000 6.162622
 24.250000 7.065405
 24.500000 7.742525
 24.750000 10.870781
 25.000000 11.026155
 25.250000 11.753220
 25.500000 9.527037
 25.750000 9.137813
 26.000000 7.852973
 26.250000 3.195534
 26.500000 13.023237
 26.750000 15.366128
 27.000000 3.642185
 27.250000 11.394895
 27.500000 9.311120
 27.750000 9.183975
 28.000000 9.256665
 28.250000 16.646640
 28.500000 12.039786
 28.750000 5.680491
 29.000000 15.476379
 29.250000 12.343268
 29.500000 10.268440
 29.750000 10.580424
 30.000000 11.311242
 30.250000 8.605998
 30.500000 12.798828
 30.750000 9.777060
 31.000000 13.718892
 31.250000 7.157906
 31.500000 10.230327
 31.750000 11.637101
 32.000000 15.474497
 32.250000 13.565106
 32.500000 4.591945
 32.750000 8.804645
 33.000000 15.986506
 33.250000 17.522497
 33.500000 14.915310
 33.750000 10.961055
 34.000000 16.721706
 34.250000 16.321270
 34.500000 15.374643
 34.750000 15.493441
 35.000000 17.655905
 35.250000 15.002879
 35.500000 16.125804
 35.750000 16.331735
 36.000000 14.623493
 36.250000 15.078302
 36.500000 16.268811
 36.750000 16.127761
 37.000000 16.195898
 37.250000 16.652973
 37.500000 17.065225
 37.750000 17.065901
 38.000000 17.461962
 38.250000 18.886559
 38.500000 8.661952
 38.750000 11.906977
 39.000000 17.619322
 39.250000 11.823387
 39.500000 2.911485
 39.750000 12.256765
 40.000000 18.251806
 40.250000 12.093524
 40.500000 1.493376
 40.750000 14.966374
 41.000000 12.887648
 41.250000 15.593835
 41.500000 9.924498
 41.750000 15.717027
 42.000000 14.234674
 42.250000 10.541680
 42.500000 14.425185
 42.750000 10.754572
 43.000000 14.597790
 43.250000 11.468864
 43.500000 13.551334
 43.750000 12.124556
 44.000000 15.235382
 44.250000 12.489351
 44.500000 14.183260
 44.750000 13.210614
 45.000000 14.684492
 45.250000 15.204802
 45.500000 14.056889
 45.750000 16.608683
 46.000000 14.427671
 46.250000 15.410573
 46.500000 15.089541
 46.750000 15.390952
 47.000000 15.628477
 47.250000 16.108227
 47.500000 16.626400
 47.750000 17.435189
 48.000000 16.833861
 48.250000 16.603224
 48.500000 16.968614
 48.750000 16.684885
 49.000000 14.165089
 49.250000 5.782246
 49.500000 15.389756
 49.750000 3.678419
 50.000000 6.219649
 50.250000 14.608536
 50.500000 3.297155
 50.750000 10.840322
 51.000000 13.423742
 51.250000 17.379438
 51.500000 18.406620
 51.750000 17.090141
 52.000000 16.813199
 52.250000 17.096256
 52.500000 17.088086
 52.750000 17.865827
 53.000000 17.796963
 53.250000 18.278403
 53.500000 18.535481
 53.750000 18.043232
 54.000000 18.886916
 54.250000 18.685755
 54.500000 19.053726
 54.750000 19.080235
 55.000000 19.315891
 55.250000 19.491822
 55.500000 19.666321
 55.750000 19.970456
 56.000000 19.710934
 56.250000 17.270985
 56.500000 17.710119
 56.750000 12.693454
 57.000000 17.384396
 57.250000 16.505864
 57.500000 13.120483
 57.750000 19.363563
 58.000000 20.106298
 58.250000 20.337383
 58.500000 20.241832
 58.750000 20.446040
 59.000000 20.427659
 59.250000 19.052764
 59.500000 20.709682
 59.750000 20.796216
 60.000000 20.994416
 60.250000 20.690673
 60.500000 17.304384
 60.750000 4.381342
 61.000000 16.649178
 61.250000 18.262226
 61.500000 21.292741
 61.750000 18.831755
 62.000000 13.335119
 62.250000 13.852217
 62.500000 16.035364
 62.750000 16.989888
 63.000000 14.535243
 63.250000 14.488341
 63.500000 17.724581
 63.750000 16.617465
 64.000000 15.040992
 64.250000 2.089193
 64.500000 19.225487
 64.750000 21.279143
 65.000000 17.282588
 65.250000 17.887987
 65.500000 19.259782
 65.750000 17.676171
 66.000000 18.197854
 66.250000 21.288792
 66.500000 21.298288
 66.750000 18.376408
 67.000000 2.994914
 67.250000 16.962901
 67.500000 2.947616
 67.750000 17.847863
 68.000000 10.338908
 68.250000 2.746439
 68.500000 5.170808
 68.750000 2.546269
 69.000000 1.737521
 69.250000 1.991001
 69.500000 2.002825
 69.750000 1.985678
 70.000000 3.604736
 70.250000 1.780503
 70.500000 2.292401
 70.750000 4.527433
 71.000000 3.919950
 71.250000 4.241772
 71.500000 6.171279
 71.750000 2.752638
 72.000000 2.885261
 72.250000 1.984235
 72.500000 4.742911
 72.750000 2.166251
 73.000000 3.259021
 73.250000 5.125671
 73.500000 5.083218
 73.750000 6.625446
 74.000000 4.186962
 74.250000 6.342132
 74.500000 4.956934
 74.750000 3.674757
 75.000000 9.151809
 75.250000 6.532993
 75.500000 9.240444
 75.750000 6.715754
 76.000000 4.183166
 76.250000 6.850343
 76.500000 7.686302
 76.750000 5.092073
 77.000000 8.098798
 77.250000 6.665874
 77.500000 8.412356
 77.750000 5.765193
 78.000000 8.289327
 78.250000 10.986996
 78.500000 1.400097
 78.750000 7.717222
 79.000000 3.057525
 79.250000 8.981331
 79.500000 8.276552
 79.750000 12.687413
 80.000000 8.380456
 80.250000 5.341653
 80.500000 9.262855
 80.750000 6.936723
 81.000000 10.629042
 81.250000 8.185838
 81.500000 9.904444
 81.750000 8.682900
 82.000000 9.820073
 82.250000 10.274973
 82.500000 10.459521
 82.750000 10.014292
 83.000000 11.024635
 83.250000 10.928657
 83.500000 8.962589
 83.750000 12.307328
 84.000000 12.233616
 84.250000 12.410748
 84.500000 12.942384
 84.750000 10.259300
 85.000000 11.894654
 85.250000 11.491185
 85.500000 13.091371
 85.750000 13.680040
 86.000000 11.893907
 86.250000 13.895039
 86.500000 3.117408
 86.750000 5.056033
 87.000000 10.200758
 87.250000 10.900712
 87.500000 3.874902
 87.750000 13.369820
 88.000000 2.005314
 88.250000 15.552549
 88.500000 3.692753
 88.750000 16.010074
 89.000000 2.025345
 89.250000 17.037335
 89.500000 8.437621
 89.750000 8.328300
 90.000000 16.900978
 90.250000 1.666605
 90.500000 14.326385
 90.750000 9.202796
 91.000000 14.708053
 91.250000 15.805676
 91.500000 14.774821
 91.750000 16.013025
 92.000000 15.392718
 92.250000 15.716770
 92.500000 15.959079
 92.750000 13.732981
 93.000000 15.057335
 93.250000 11.413576
 93.500000 12.690331
 93.750000 15.798604
 94.000000 13.582651
 94.250000 14.844573
 94.500000 12.981956
 94.750000 14.721797
 95.000000 13.699903
 95.250000 14.630735
 95.500000 14.847145
 95.750000 14.875732
 96.000000 15.259803
 96.250000 15.960649
 96.500000 16.894048
 96.750000 17.638247
 97.000000 17.087755
 97.250000 16.790626
 97.500000 17.052842
 97.750000 17.355604
 98.000000 17.483731
 98.250000 17.867605
 98.500000 18.315316
 98.750000 18.530437
 99.000000 18.751490
 99.250000 18.704165
 99.500000 19.298822
 99.750000 19.546689
 100.000000 19.424687
 100.250000 19.827425
 100.500000 17.268532
 100.750000 1.463827
 101.000000 7.589550
 101.250000 9.305597
 101.500000 9.135690
 101.750000 11.227250
 102.000000 3.232501
 102.250000 3.043145
 102.500000 12.920107
 102.750000 13.208539
 103.000000 13.678451
 103.250000 14.049451
 103.500000 15.050102
 103.750000 15.998240
 104.000000 17.572110
 104.250000 18.185318
 104.500000 5.039168
 104.750000 16.929721
 105.000000 12.627439
 105.250000 11.002980
 105.500000 10.139270
 105.750000 12.903037
 106.000000 13.616730
 106.250000 15.023066
 106.500000 4.435189
 106.750000 19.002595
 107.000000 4.421616
 107.250000 14.986420
 107.500000 12.663484
 107.750000 11.942112
 108.000000 11.631387
 108.250000 12.639521
 108.500000 10.631996
 108.750000 6.913819
 109.000000 6.077164
 109.250000 7.427798
 109.500000 8.829105
 109.750000 16.214602
 110.000000 17.855887
 110.250000 3.427079
 110.500000 19.609714
 110.750000 12.659707
 111.000000 7.221782
 111.250000 20.694417
 111.500000 13.361161
 111.750000 7.300202
 112.000000 4.976888
 112.250000 7.061958
 112.500000 8.774073
 112.750000 15.068455
 113.000000 7.374083
 113.250000 4.908948
 113.500000 10.963498
 113.750000 12.920744
 114.000000 5.761464
 114.250000 19.731102
 114.500000 20.484250
 114.750000 8.789702
 115.000000 19.129646
 115.250000 8.225539
 115.500000 20.434830
 115.750000 9.303834
 116.000000 19.232851
 116.250000 9.913956
 116.500000 18.583863
 116.750000 10.203024
 117.000000 9.478349
 117.250000 22.495466
 117.500000 10.477385
 117.750000 18.336440
 118.000000 13.621504
 118.250000 16.132836
 118.500000 15.007819
 118.750000 17.811077
 119.000000 5.545878
 119.250000 22.395246
 119.500000 5.639153
 119.750000 17.339116
 120.000000 22.414349
 120.250000 16.976452
 120.500000 20.997452
 120.750000 21.484990
 121.000000 16.837247
 121.250000 19.793203
 121.500000 20.024114
 121.750000 20.496830
 122.000000 21.010070
 122.250000 20.650889
 122.500000 22.107827
 122.750000 18.713218
 123.000000 3.822679
 123.250000 8.642322
 123.500000 11.865008
 123.750000 21.840234
 124.000000 21.398921
 124.250000 17.078347
 124.500000 21.306727
 124.750000 22.080108
 125.000000 21.838602
 125.250000 22.402967
 125.500000 17.657917
 125.750000 23.373771
 126.000000 22.824848
 126.250000 22.066648
 126.500000 22.575367
 126.750000 22.251703
 127.000000 22.404456
 127.250000 22.839912
 127.500000 22.826233
 127.750000 23.259537
 128.000000 17.227656
 128.250000 6.899647
 128.500000 18.608773
 128.750000 23.868107
 129.000000 22.765997
 129.250000 21.068377
 129.500000 23.540571
 129.750000 21.564316
 130.000000 21.090173
 130.250000 23.591901
 130.500000 23.993668
 130.750000 18.637181
 131.000000 23.628252
 131.250000 9.976611
 131.500000 12.340660
 131.750000 16.993735
 132.000000 17.420320
 132.250000 15.714109
 132.500000 5.902920
 132.750000 7.150124
 133.000000 3.338063
 133.250000 24.736624
 133.500000 9.799815
 133.750000 9.105061
 134.000000 10.808035
 134.250000 23.570303
 134.500000 8.395960
 134.750000 14.595548
 135.000000 17.035910
 135.250000 19.711404
 135.500000 12.637443
 135.750000 15.602976
 136.000000 18.873207
 136.250000 14.151866
 136.500000 21.580924
 136.750000 15.413657
 137.000000 15.201378
 137.250000 19.596653
 137.500000 20.247648
 137.750000 21.240795
 138.000000 21.005306
 138.250000 21.112949
 138.500000 23.100889
 138.750000 13.886601
 139.000000 20.688126
 139.250000 21.700006
 139.500000 21.870384
 139.750000 23.866060
 140.000000 20.856453
 140.250000 13.528112
 140.500000 22.415774
 140.750000 23.809215
 141.000000 18.962524
 141.250000 23.946414
 141.500000 18.868310
 141.750000 3.066610
 142.000000 19.682587
 142.250000 5.111546
 142.500000 12.016321
 142.750000 13.097828
 143.000000 24.566881
 143.250000 23.740314
 143.500000 20.472395
 143.750000 22.115980
 144.000000 24.610277
 144.250000 23.901183
 144.500000 18.281321
 144.750000 5.285017
 145.000000 17.751989
 145.250000 8.277898
 145.500000 14.163151
 145.750000 10.486742
 146.000000 18.631773
 146.250000 3.425870
 146.500000 9.936480
 146.750000 10.400334
 147.000000 20.022981
 147.250000 3.665930
 147.500000 14.984394
 147.750000 6.563459
 148.000000 11.844937
 148.250000 1.917058
 148.500000 25.609903
 148.750000 0.211735
 149.000000 27.334372
 149.250000 8.457674
 149.500000 17.860718
 149.750000 12.473901
 150.000000 0.514380
 150.250000 2.120146
 150.500000 1.950715
 150.750000 1.996277
 151.000000 2.014190
 151.250000 2.232847
 151.500000 2.095929
 151.750000 2.046473
 152.000000 2.281109
 152.250000 3.332613
 152.500000 3.744869
 152.750000 1.948974
 153.000000 3.810503
 153.250000 1.625355
 153.500000 4.981443
 153.750000 5.404531
 154.000000 4.419537
 154.250000 2.251624
 154.500000 3.905911
 154.750000 7.690084
 155.000000 4.053211
 155.250000 5.162663
 155.500000 3.815672
 155.750000 6.280303
 156.000000 4.895221
 156.250000 4.177972
 156.500000 5.094135
 156.750000 5.916500
 157.000000 7.284783
 157.250000 6.803225
 157.500000 6.721204
 157.750000 6.321513
 158.000000 7.960082
 158.250000 8.829936
 158.500000 6.877431
 158.750000 9.783660
 159.000000 3.128257
 159.250000 8.652423
 159.500000 3.564166
 159.750000 9.252042
 160.000000 3.679128
 160.250000 8.403779
 160.500000 3.014755
 160.750000 11.061822
 161.000000 7.502576
 161.250000 9.748224
 161.500000 9.443340
 161.750000 6.810594
 162.000000 8.595106
 162.250000 9.491765
 162.500000 4.162544
 162.750000 11.472098
 163.000000 2.493464
 163.250000 11.626196
 163.500000 2.228051
 163.750000 10.951977
 164.000000 1.820187
 164.250000 13.606675
 164.500000 2.568769
 164.750000 11.892351
 165.000000 4.545059
 165.250000 9.837471
 165.500000 11.839061
 165.750000 13.224464
 166.000000 5.050270
 166.250000 14.683622
 166.500000 3.694097
 166.750000 14.333767
 167.000000 2.738082
 167.250000 14.686737
 167.500000 5.958103
 167.750000 13.612028
 168.000000 3.880499
 168.250000 7.120831
 168.500000 8.708825
 168.750000 7.699747
 169.000000 16.496106
 169.250000 4.366966
 169.500000 17.742522
 169.750000 5.456864
 170.000000 12.577476
 170.250000 9.048802
 170.500000 11.119745
 170.750000 5.452858
 171.000000 8.947359
 171.250000 11.913933
 171.500000 12.628852
 171.750000 14.513324
 172.000000 13.005605
 172.250000 15.261101
 172.500000 13.809290
 172.750000 13.922573
 173.000000 16.272513
 173.250000 13.540905
 173.500000 8.569236
 173.750000 11.322298
 174.000000 13.814715
 174.250000 7.345231
 174.500000 13.022562
 174.750000 15.259000
 175.000000 15.423933
 175.250000 15.217482
 175.500000 15.572226
 175.750000 4.645147
 176.000000 11.870415
 176.250000 9.479843
 176.500000 9.586662
 176.750000 6.550138
 177.000000 9.679662
 177.250000 5.070497
 177.500000 18.619057
 177.750000 9.189550
 178.000000 9.425790
 178.250000 14.561985
 178.500000 2.081759
 178.750000 17.152374
 179.000000 6.184040
 179.250000 7.104589
 179.500000 16.369158
 179.750000 2.095418
 180.000000 20.493622
 180.250000 8.074465
 180.500000 14.628056
 180.750000 17.966839
 181.000000 3.365900
 181.250000 18.914891
 181.500000 4.314692
 181.750000 15.739637
 182.000000 15.495829
 182.250000 6.870189
 182.500000 4.232677
 182.750000 8.117311
 183.000000 15.043457
 183.250000 17.274779
 183.500000 7.926548
 183.750000 6.301398
 184.000000 16.913090
 184.250000 11.330550
 184.500000 3.780468
 184.750000 19.986002
 185.000000 2.745124
 185.250000 22.930573
 185.500000 2.598451
 185.750000 21.296122
 186.000000 6.452315
 186.250000 15.487389
 186.500000 11.353538
 186.750000 13.162191
 187.000000 18.278593
 187.250000 5.822065
 187.500000 20.149776
 187.750000 8.424341
 188.000000 19.733190
 188.250000 15.968235
 188.500000 13.099806
 188.750000 14.017016
 189.000000 14.367322
 189.250000 19.487181
 189.500000 14.315089
 189.750000 14.796712
 190.000000 19.339641
 190.250000 17.765831
 190.500000 15.042820
 190.750000 15.403194
 191.000000 18.204144
 191.250000 17.368643
 191.500000 17.095501
 191.750000 17.319543
 192.000000 8.905369
 192.250000 19.312863
 192.500000 20.195153
 192.750000 8.061523
 193.000000 9.089558
 193.250000 23.565002
 193.500000 5.394054
 193.750000 18.126270
 194.000000 9.281282
 194.250000 16.423816
 194.500000 7.438697
 194.750000 18.825321
 195.000000 20.028491
 195.250000 19.914456
 195.500000 20.010198
 195.750000 19.857455
 196.000000 19.795631
 196.250000 19.694151
 196.500000 19.903134
 196.750000 21.115146
 197.000000 20.090350
 197.250000 20.572608
 197.500000 20.830638
 197.750000 21.953081
 198.000000 17.685662
 198.250000 8.012589
 198.500000 8.940743
 198.750000 9.767211
 199.000000 13.019992
 199.250000 10.455659
 199.500000 9.710583
 199.750000 11.510048
 200.000000 24.209026
 200.250000 2.696017
 200.500000 21.498784
 200.750000 18.887162
 201.000000 15.329166
 201.250000 12.974240
 201.500000 10.494747
 201.750000 11.123004
 202.000000 23.015684
 202.250000 18.094207
 202.500000 13.944333
 202.750000 11.816318
 203.000000 14.681262
 203.250000 13.650277
 203.500000 13.281981
 203.750000 14.181669
 204.000000 14.674946
 204.250000 15.749466
 204.500000 15.686133
 204.750000 14.258467
 205.000000 22.413371
 205.250000 19.259585
 205.500000 5.221818
 205.750000 13.875673
 206.000000 21.468193
 206.250000 19.081146
 206.500000 3.313292
 206.750000 21.057090
 207.000000 20.749900
 207.250000 5.493373
 207.500000 16.355222
 207.750000 5.089704
 208.000000 20.171456
 208.250000 4.521265
 208.500000 15.358560
 208.750000 7.241246
 209.000000 14.142225
 209.250000 6.764888
 209.500000 15.362502
 209.750000 5.032667
 210.000000 22.617572
 210.250000 17.973863
 210.500000 24.288049
 210.750000 19.284287
 211.000000 6.627508
 211.250000 22.384288
 211.500000 22.823983
 211.750000 22.146630
 212.000000 22.018754
 212.250000 24.397618
 212.500000 22.362399
 212.750000 22.534693
 213.000000 22.732476
 213.250000 22.856744
 213.500000 23.083663
 213.750000 23.270284
 214.000000 23.426456
 214.250000 23.599637
 214.500000 22.281673
 214.750000 23.431111
 215.000000 23.250179
 215.250000 7.626842
 215.500000 19.353007
 215.750000 25.786711
 216.000000 22.102173
 216.250000 23.694650
 216.500000 23.514226
 216.750000 23.100217
 217.000000 22.619183
 217.250000 23.934466
 217.500000 23.819754
 217.750000 24.050999
 218.000000 24.459436
 218.250000 23.947501
 218.500000 24.705682
 218.750000 24.048647
 219.000000 24.600687
 219.250000 24.200841
 219.500000 24.653952
 219.750000 24.759482
 220.000000 24.974171
 220.250000 24.257849
 220.500000 24.934817
 220.750000 25.070324
 221.000000 24.661759
 221.250000 25.814298
 221.500000 10.736473
 221.750000 18.319621
 222.000000 22.571177
 222.250000 4.234932
 222.500000 17.857348
 222.750000 11.130660
 223.000000 25.014347
 223.250000 21.915936
 223.500000 9.555543
 223.750000 18.489930
 224.000000 26.140107
 224.250000 19.251075
 224.500000 24.232140
 224.750000 18.738689
 225.000000 18.509033
 225.250000 23.466451
 225.500000 23.728600
 225.750000 19.568872
 226.000000 19.559772
 226.250000 25.160975
 226.500000 19.091515
 226.750000 25.046437
 227.000000 19.043378
 227.250000 23.801236
 227.500000 24.772228
 227.750000 25.163456
 228.000000 2.737102
 228.250000 24.289250
 228.500000 20.254121
 228.750000 4.248268
 229.000000 27.932318
 229.250000 12.339067
 229.500000 13.850396
 229.750000 8.250482
 230.000000 17.931944
 230.250000 9.530799
 230.500000 13.860541
 230.750000 20.383604
 231.000000 16.554086
 231.250000 6.584343
 231.500000 20.793486
 231.750000 15.854945
 232.000000 9.149193
 232.250000 25.171030
 232.500000 25.271257
 232.750000 25.940894
 233.000000 25.202764
 233.250000 25.529583
 233.500000 26.400328
 233.750000 25.475467
 234.000000 25.543781
 234.250000 27.102219
 234.500000 25.603046
 234.750000 26.735172
 235.000000 25.007656
 235.250000 26.253653
 235.500000 25.264088
 235.750000 27.133906
 236.000000 25.456280
 236.250000 26.035964
 236.500000 25.827866
 236.750000 25.834439
 237.000000 28.472648
 237.250000 2.439098
 237.500000 25.788507
 237.750000 19.094694
 238.000000 7.842145
 238.250000 24.456457
 238.500000 3.746120
 238.750000 25.334667
 239.000000 2.553573
 239.250000 17.514504
 239.500000 8.884343
 239.750000 18.945442
 240.000000 8.633361
 240.250000 5.395754
 240.500000 17.391223
 240.750000 5.448053
 241.000000 25.175913
 241.250000 20.210944
 241.500000 2.840723
 241.750000 28.228074
 242.000000 7.465592
 242.250000 15.556617
 242.500000 2.074388
 242.750000 20.890217
 243.000000 4.486360
 243.250000 6.439994
 243.500000 12.557445
 243.750000 26.399858
 244.000000 0.827242
 244.250000 20.960287
 244.500000 18.596021
 244.750000 17.702274
 245.000000 17.460474
 245.250000 18.995319
 245.500000 21.465456
 245.750000 17.621415
 246.000000 18.543086
 246.250000 19.369322
 246.500000 18.650524
 246.750000 17.945116
 247.000000 18.999299
 247.250000 19.375597
 247.500000 18.659015
 247.750000 18.531527
 248.000000 18.626373
 248.250000 18.768266
 248.500000 19.054145
 248.750000 19.038316
 249.000000 19.400452
 249.250000 19.574639
 249.500000 19.507716
 249.750000 19.936875
 250.000000 20.093999
