#! FIELDS it
   1.9945
   1.9941
   2.0835
   2.1942
   2.1455
   2.8364
   2.7549
   2.7749
   2.9881
   2.9231
   3.2723
   3.3508
   3.9149
   4.0561
   4.5460
   4.6687
   4.7981
   4.9652
   5.1015
   5.1788
   5.3141
   5.4682
   5.6760
   5.7866
   6.2368
   6.3431
   6.3456
   6.3762
   6.3809
   6.4168
   6.4766
   6.4994
   6.6583
   6.8157
   6.8424
   6.8547
   6.8582
   6.8795
   7.2768
   7.2951
   7.3005
   7.3100
   7.3485
   7.9269
   7.9314
   7.9333
   7.9456
   8.0202
   8.5008
   8.6133
   8.6521
   8.9847
   9.1245
   9.1434
   9.1814
   9.2230
   9.2298
   9.2828
   9.3083
   9.3519
   9.5498
   9.6493
   9.7107
   9.8266
  10.0611
  10.1525
  10.1747
  10.2031
  10.2428
  10.2684
  10.3047
  10.3168
  10.3232
  10.3311
  10.3399
  10.3478
  10.3708
  10.4078
  10.4234
  10.4286
  10.4355
  10.4473
  10.4672
  10.4922
  10.5299
  10.5890
  10.6561
  10.6819
  10.7322
  10.7976
  10.8758
  11.0590
  11.1255
  11.1893
  11.2394
  11.3045
  11.4033
  11.4691
  11.4949
  11.5067
  11.5151
  11.5228
  11.5412
  11.5554
  11.5577
  11.5696
  11.6443
  11.7685
  11.8334
  11.8719
  12.2428
  12.6161
  12.7116
  12.7319
  12.9415
  13.0028
  13.0230
  13.0701
  13.1285
  13.1663
  13.2214
  13.2417
  13.2698
  13.2852
  13.5211
  13.8807
  13.9140
  13.9452
  13.9566
  13.9799
  14.0449
  14.0705
  14.1169
  14.1403
  14.1491
  14.1731
  14.1924
  14.2158
  14.2372
  14.2780
  14.2879
  14.3063
  14.3256
  14.3357
  14.3459
  14.3606
  14.3717
  14.3823
  14.3982
  14.4170
  14.4336
  14.4575
  14.5392
  14.6475
  14.8599
  14.8821
  14.8889
  14.8942
  14.9296
  14.9613
  14.9806
  15.0779
  15.1826
  15.2304
  15.2475
  15.2986
  15.3104
  15.3335
  15.3713
  15.3885
  15.4168
  15.4403
  15.4562
  15.4673
  15.4780
  15.4886
  15.4941
  15.4985
  15.5023
  15.5068
  15.5089
  15.5106
  15.5165
  15.5176
  15.5194
  15.5209
  15.5226
  15.5243
  15.5263
  15.5293
  15.5363
  15.5397
  15.5441
  15.5481
  15.5511
  15.6059
  15.8200
  15.9663
  16.1600
  16.6755
  16.9336
  17.0077
  17.2592
  17.3174
  17.3256
  17.3537
  17.3860
  17.4186
  17.4470
  17.4715
  17.4949
  17.5120
  17.5409
  17.5639
  17.5796
  17.5967
  17.6161
  17.6350
  17.6513
  17.6664
  17.6831
  17.6983
  17.7151
  17.7285
  17.7611
  17.7973
  17.8460
  17.9049
  17.9372
  17.9863
  18.0075
  18.0230
  18.0384
  18.0516
  18.0655
  18.0784
  18.0894
  18.1051
  18.1199
  18.1371
  18.1566
  18.1623
  18.2284
  18.3187
  18.3391
  18.3580
  18.3666
  18.4066
  18.4600
  18.4968
  18.5177
  18.5387
  18.5744
  18.5893
  18.5983
  18.6207
  18.6588
  18.6883
  18.7100
  18.7189
  18.7301
  18.7502
  18.7586
  18.7672
  18.7906
  18.8087
  18.8137
  18.8663
  18.9660
  19.0179
  19.0876
  19.1460
  19.1840
  19.2875
  19.2946
  19.2938
  19.2931
  19.2926
  19.2918
  19.2919
  19.2912
  19.2907
  19.2912
  19.2912
  19.2913
  19.2915
  19.2911
  19.2908
  19.2902
  19.2902
  19.2897
  19.2894
  19.2896
  19.2895
  19.2896
  19.2895
  19.2896
  19.2898
  19.2895
  19.2896
  19.2893
  19.2893
  19.2893
  19.2890
  19.2887
  19.2886
  19.2885
  19.2884
  19.2884
  19.2886
  19.2884
  19.2885
  19.2885
  19.2884
  19.2888
  19.2885
  19.2886
  19.2885
  19.2885
  19.2882
  19.2879
  19.2882
  19.2877
  19.2878
  19.2875
  19.2874
  19.2872
  19.2873
  19.2873
  19.2872
  19.2869
  19.2870
  19.2868
  19.2867
  19.2868
  19.2868
  19.2867
  19.2867
  19.2866
  19.2865
  19.2865
  19.2866
  19.2865
  19.2864
  19.2865
  19.2861
  19.2865
  19.2865
  19.2862
  19.2860
  19.2865
  19.2867
  19.2876
  19.2872
  19.2879
  19.2895
  19.2901
  19.2896
  19.2898
  19.2897
  19.2896
  19.2898
  19.2895
  19.2892
  19.2889
  19.2885
  19.2884
  19.2881
  19.2877
  19.2876
  19.2872
  19.2872
  19.2869
  19.2871
  19.2872
  19.2871
  19.2871
  19.2872
  19.2873
  19.2874
  19.2876
  19.2877
  19.2878
  19.2879
  19.2879
  19.2879
  19.2879
  19.2879
  19.2879
  19.2879
  19.2881
  19.2882
  19.2884
  19.2886
  19.2889
  19.2893
  19.2896
  19.2902
  19.2910
  19.2917
  19.2928
  19.2923
  19.2926
  19.2946
  19.2952
  19.2958
  19.2961
  19.2966
  19.3035
  19.3040
  19.3039
  19.3037
  19.3036
  19.3034
  19.3033
  19.3033
  19.3033
  19.3032
  19.3043
  19.3038
  19.3036
  19.3037
  19.3037
  19.3035
  19.3034
  19.3031
  19.3041
  19.3037
  19.3041
  19.3039
  19.3038
  19.3038
  19.3039
  19.3039
  19.3039
  19.3045
  19.3051
  19.3054
  19.3053
  19.3051
  19.3060
  19.3077
  19.3073
  19.3070
  19.3109
  19.3105
  19.3106
  19.3121
  19.3135
  19.3145
  19.3147
  19.3149
  19.3183
  19.3200
  19.3202
  19.3217
  19.3230
  19.3247
  19.3243
  19.3250
  19.3248
  19.3272
  19.3269
  19.3277
  19.3275
  19.3279
  19.3278
  19.3284
  19.3449
  19.3446
  19.3447
  19.3444
  19.3443
  19.3441
  19.3442
  19.3437
  19.3585
  19.3587
  19.3593
  19.3734
  19.3730
  19.3763
  19.3814
  19.3810
  19.3818
  19.3827
  19.3845
  19.3877
  19.3898
  19.3995
  19.3994
  19.3998
  19.4018
  19.4045
  19.4126
  19.4171
  19.4169
  19.4212
  19.4302
  19.4371
  19.4491
  19.4490
  19.4796
  19.4963
  19.5039
  19.5165
  19.5254
  19.5357
  19.5511
  19.5659
  19.5877
  19.5875
  19.5883
  19.5899
  19.6276
  19.6395
  19.6414
  19.6664
  19.6697
  19.6716
  19.6963
  19.7308
  19.7308
  19.7538
  19.7537
  19.7544
  19.7548
  19.7549
  19.7549
  19.7549
  19.7555
  19.7555
  19.8181
  19.8178
  19.8181
  19.8185
  19.8367
  19.8364
  19.8369
  19.8370
  19.8373
  19.8370
  19.8372
  19.8373
  19.8372
  19.8396
  19.8394
  19.8395
  19.8399
  19.8404
  19.8419
  19.8432
  19.8446
  19.8554
  19.8552
  19.8564
  19.8590
  19.8620
  19.8842
  19.8851
  19.8849
  19.8905
  19.9106
  19.9107
  19.9328
  19.9329
  19.9332
  19.9352
  19.9361
  19.9372
  19.9380
  19.9767
  19.9926
  19.9930
  19.9961
  20.0315
  20.0482
  20.0481
  20.0489
  20.0500
  20.0508
  20.0516
  20.0526
  20.0529
  20.0532
  20.0578
  20.0602
  20.0608
  20.0608
  20.0623
  20.0632
  20.0661
  20.0659
  20.1478
  20.1475
  20.4284
  20.4285
  20.4291
  20.4293
  20.4290
  20.4456
  20.4454
  20.4455
  20.4453
  20.4452
  20.4575
  20.4573
  20.4571
  20.4571
  20.4570
  20.4587
  20.4587
  20.4584
  20.4586
  20.4588
  20.4592
  20.4591
  20.4590
  20.4591
  20.4590
  20.4589
  20.4589
  20.4589
  20.4590
  20.4589
  20.4590
  20.4589
  20.4590
  20.4589
  20.4589
  20.4588
  20.4588
  20.4588
  20.4587
  20.4587
  20.4586
  20.4587
  20.4594
  20.4593
  20.4593
  20.4593
  20.4615
  20.4616
  20.4615
  20.4615
  20.4614
  20.4614
  20.4614
  20.4614
  20.4646
  20.4647
  20.4645
  20.4646
  20.4697
  20.4696
  20.4695
  20.4695
  20.4749
  20.4750
  20.4749
  20.4751
  20.4751
  20.4750
  20.4750
  20.4750
  20.4803
  20.4803
  20.4802
  20.4802
  20.4806
  20.4806
  20.4833
  20.4841
  20.4850
  20.4857
  20.4857
  20.4876
  20.4877
  20.4876
  20.4876
  20.4875
  20.4875
  20.4874
  20.4875
  20.4875
  20.4875
  20.4873
  20.4873
  20.4872
  20.4871
  20.4871
  20.4871
  20.4869
  20.4882
  20.4882
  20.4881
  20.4885
  20.4888
  20.4887
  20.4886
  20.4885
  20.4885
  20.4900
  20.4907
  20.4914
  20.4927
  20.4958
  20.4977
  20.5038
  20.5040
  20.5038
  20.5039
  20.5039
  20.5038
  20.5041
  20.5058
  20.5139
  20.5139
  20.5138
  20.5141
  20.5140
  20.5141
  20.5140
  20.5139
  20.5140
  20.5140
  20.5142
  20.5141
  20.5140
  20.5143
  20.5146
  20.5147
  20.5146
  20.5145
  20.5146
  20.5146
  20.5154
  20.5227
  20.5229
  20.5227
  20.5255
  20.5279
  20.5286
  20.5312
  20.5313
  20.5323
  20.5327
  20.5327
  20.5352
  20.5355
  20.5367
  20.5368
  20.5367
  20.5371
  20.5374
  20.5375
  20.5375
  20.5376
  20.5377
  20.5378
  20.5377
  20.5379
  20.5380
  20.5381
  20.5381
  20.5382
  20.5382
  20.5413
  20.5417
  20.5418
  20.5432
  20.5516
  20.5564
  20.5563
  20.5564
  20.5591
  20.5597
  20.5597
  20.5598
  20.5598
  20.5598
  20.5597
  20.5597
  20.5596
  20.5596
  20.5597
  20.5600
  20.5601
  20.5603
  20.5606
  20.5615
  20.5613
  20.5613
  20.5616
  20.5615
  20.5616
  20.5615
  20.5616
  20.5617
  20.5708
  20.5718
  20.5728
  20.5728
  20.5728
  20.5736
  20.5753
  20.5775
  20.5802
  20.5801
  20.5825
  20.5832
  20.5868
  20.5871
  20.5896
  20.5904
  20.5936
  20.5939
  20.5954
  20.5963
  20.5978
  20.5977
  20.5975
  20.5977
  20.5985
  20.5984
  20.5983
  20.5990
  20.5992
  20.5991
  20.5992
  20.5992
  20.5995
  20.5995
  20.5995
  20.5996
  20.5996
  20.5997
  20.5998
  20.5998
  20.6017
  20.6017
  20.6109
  20.6108
  20.6107
  20.6125
  20.6145
  20.6154
  20.6162
  20.6261
  20.6273
  20.6288
  20.6306
  20.6327
  20.6353
  20.6383
  20.6419
  20.6463
  20.6473
  20.6509
  20.6538
  20.6537
  20.6539
  20.6900
  20.6908
  20.6951
  20.6986
  20.7009
  20.7023
  20.7077
  20.7124
  20.7183
  20.7271
  20.7322
  20.7431
  20.7486
  20.7581
  20.7643
  20.7740
  20.7846
  20.7973
  20.8035
  20.8153
  20.8285
  20.8371
  20.8631
  20.8639
  20.8644
  20.8654
  20.8653
  20.8655
  20.8654
  20.8773
  20.8777
  20.8791
  20.8801
  20.9131
  20.9132
  20.9180
  20.9181
  20.9181
  20.9203
  20.9231
  20.9234
  20.9236
  20.9353
  20.9354
  20.9456
  20.9456
  20.9486
  20.9561
  20.9671
  20.9670
  20.9720
  20.9720
  20.9747
  21.1151
  21.1150
  21.1150
  21.1152
  21.1153
  21.1154
  21.1155
  21.1155
  21.1154
  21.1155
  21.1157
  21.1156
  21.1157
  21.1239
  21.1327
  21.1495
  21.1574
  21.1681
  21.1925
  21.2020
  21.2119
  21.2558
  21.2653
  21.2933
  21.2981
  21.3146
  21.3206
  21.3575
  21.3641
  21.3759
  21.3852
  21.3944
  21.5033
  21.5036
  21.5113
  21.5112
  21.5113
  21.5132
  21.5132
  21.5177
  21.5176
  21.5179
  21.5180
  21.5180
  21.5180
  21.5182
  21.5183
  21.5183
  21.5220
  21.5220
  21.5232
  21.5942
  21.5941
  21.5942
  21.5942
  21.5943
  21.5943
  21.5945
  21.5945
  21.6053
  21.6052
  21.6985
  21.7096
  21.7391
  21.7697
  21.7808
  21.8065
  21.8239
  21.8363
  21.8580
  21.8679
  21.8891
  21.9074
  21.9143
  21.9277
  21.9427
  21.9547
  21.9664
  21.9759
  21.9837
  21.9907
  21.9962
  22.0008
  22.0049
  22.0139
