#! FIELDS it
   1.6900
   3.2040
   3.4750
   5.5895
   7.0730
   8.1184
   9.5695
  10.5839
  10.9749
  11.0157
  11.5256
  12.6902
  13.3724
  14.2547
  14.5402
  15.1116
  16.6773
  17.0412
  17.1287
  17.4915
  17.7922
  18.1809
  18.4848
  18.7456
  18.9501
  19.1429
  19.3700
  19.3976
  19.3974
  19.3930
  19.3946
  19.3894
  19.3872
  19.3872
  19.3853
  19.3824
  19.3791
  19.3775
  19.3797
  19.3894
  19.3874
  19.3877
  19.3957
  19.4012
  19.4036
  19.4121
  19.4121
  19.5563
  19.6416
  19.6996
  19.8309
  19.8497
  19.8498
  19.8541
  19.8621
  19.8770
  19.8744
  19.8752
  19.8768
  19.8793
  19.9033
  19.9050
  19.9032
  19.9034
  19.9102
  19.9200
  19.9259
  19.9384
  19.9392
  19.9391
  19.9548
  19.9712
  19.9696
  19.9847
  20.0028
  20.0072
  20.0166
  20.0325
  20.0415
  20.2843
  20.2955
  20.3449
  20.3470
  20.3885
  20.4167
  20.4777
  20.5679
  20.7695
  20.7704
  20.7748
  20.8999
  20.9056
  21.0578
  21.1515
  21.3085
  21.3078
  21.3099
  21.4831
  21.6032
  21.6595
