2.000000000000000000e+00
2.000000000000000000e+00
2.000000000000000000e+00
1.969777372770000090e+00
1.937574976942000093e+00
2.000000000000000000e+00
1.566970352525000054e+00
1.998772192586000029e+00
1.924680371698999970e+00
1.694902069654999899e+00
2.000000000000000000e+00
1.544250386711000012e+00
1.775093605669000096e+00
1.251291286218999987e+00
1.397495569951999972e+00
1.066861776180000110e+00
1.456268907277999958e+00
1.378381701266000015e+00
1.166830493321999951e+00
1.458944110750000078e+00
1.391684444970000101e+00
1.170730190303999940e+00
1.033302137386999942e+00
9.370343304070000157e-01
9.685416365369999836e-01
7.522870744190000014e-01
1.247948336072000064e+00
1.311612287703999957e+00
1.720865644952999984e+00
1.504163421496000019e+00
1.451579742038000109e+00
9.481190056689999812e-01
1.541180559198999989e+00
1.778325582364000068e+00
1.563067245625000101e+00
1.380710775872000085e+00
1.363315466194999992e+00
1.328550458710999971e+00
1.185268605217000060e+00
6.587395073320000405e-01
9.790995863139999589e-01
1.135606898605999948e+00
1.048186353246999936e+00
8.991581504969999861e-01
5.372527073559999478e-01
9.127866518630000092e-01
1.930282713163999908e+00
1.007143135541999968e+00
1.097514354095999956e+00
1.655165436424999914e+00
9.531603547679999844e-01
1.257397197628999930e+00
1.470390336778000018e+00
8.020652030889999784e-01
8.828976173670000094e-01
7.881247547049999858e-01
6.221317178570000550e-01
9.069444625100000490e-01
1.618321279834999959e+00
7.909871409819999588e-01
1.005250163194000068e+00
1.464318104149000099e+00
6.756551078729999826e-01
6.249650786539999725e-01
1.201988881728000003e+00
9.607848290139999747e-01
5.526621261959999698e-01
6.213520802919999531e-01
1.088252315592999953e+00
1.018704323694999969e+00
7.293415178750000116e-01
5.622316788940000531e-01
6.329516800190000403e-01
8.094308794350000280e-01
8.090283272360000444e-01
6.683058637880000541e-01
6.368663890860000176e-01
5.462865175479999502e-01
5.060679690899999583e-01
5.635396193820000343e-01
6.514905914549999899e-01
6.301679153579999859e-01
5.809248473950000546e-01
5.383059610470000145e-01
5.172190572299999456e-01
4.893305797160000248e-01
4.580491412759999936e-01
4.434650372330000145e-01
4.931940980749999759e-01
1.411956426331000047e+00
5.553524407059999835e-01
4.253449878169999754e-01
3.682796927320000080e-01
4.006786084050000252e-01
1.137472055426000050e+00
5.089043575999999680e-01
1.066795652548000017e+00
1.026396075719000045e+00
9.477827439679999966e-01
6.637624752340000045e-01
6.322173857330000146e-01
5.811107232369999709e-01
7.399813671089999767e-01
7.863491315280000116e-01
9.116283777260000276e-01
1.550644063692000030e+00
5.586209107520000439e-01
3.858571833139999852e-01
1.392524494699000082e+00
6.578800519780000355e-01
7.645104327359999452e-01
7.845228624969999842e-01
7.799233953530000374e-01
3.429946437260000258e-01
5.451841273699999935e-01
1.130066903507999987e+00
4.060705749740000092e-01
5.308064485460000093e-01
6.777415323530000535e-01
6.653949256819999825e-01
6.126468289780000465e-01
8.226788147779999782e-01
5.284336361039999597e-01
7.155981130299999826e-01
4.714572223690000063e-01
9.512047552610000123e-01
7.129681418729999498e-01
5.940040292549999545e-01
3.827284640249999925e-01
4.622116228820000172e-01
1.263581055921999985e+00
8.645362991260000518e-01
3.725343272830000108e-01
2.974495623660000088e-01
3.940989692999999905e-01
6.180591186770000300e-01
3.340669565359999926e-01
3.384748455639999820e-01
3.761950948639999903e-01
3.728178467800000173e-01
2.930825310319999932e-01
3.900879931080000196e-01
3.480589671780000005e-01
3.386000899800000186e-01
4.089438073580000110e-01
3.918283532649999845e-01
3.426356303309999740e-01
3.461541691930000164e-01
3.436783141010000264e-01
3.265682912589999987e-01
3.113609822549999739e-01
3.108054196139999892e-01
2.974125989809999759e-01
2.534982053140000247e-01
7.856459972129999914e-01
5.810548062320000096e-01
3.011431769740000042e-01
5.558505236890000090e-01
1.538736603770000100e+00
6.073271688389999534e-01
2.815235888770000194e-01
5.382692546880000206e-01
1.797967895064999988e+00
4.626744366710000000e-01
5.028109514769999455e-01
3.738720668950000214e-01
6.920162290100000391e-01
3.766046678130000047e-01
4.288061102080000242e-01
6.500956408660000241e-01
4.327227144260000213e-01
6.351746500439999776e-01
4.238186308310000205e-01
5.861317855559999845e-01
4.734933685350000143e-01
5.479567037160000265e-01
3.910370134569999823e-01
5.214032891219999577e-01
4.382349339189999804e-01
4.837718821729999896e-01
4.127700179720000251e-01
3.865316601420000220e-01
4.378393513009999904e-01
3.316267806409999852e-01
4.176209678119999769e-01
3.779969671469999848e-01
3.900102171250000027e-01
3.776670357410000234e-01
3.673277384329999840e-01
3.478593356340000109e-01
3.276889772179999993e-01
2.988587200769999841e-01
3.184889209049999725e-01
3.274615580990000163e-01
3.147511446510000144e-01
3.243762733939999920e-01
4.296192209770000048e-01
1.103160480971000057e+00
4.087062173839999812e-01
1.390410974816999934e+00
1.168502222434000037e+00
4.490083054810000140e-01
1.456984357192000035e+00
7.045526521970000289e-01
4.865279925209999856e-01
3.060512067189999907e-01
2.676360273410000046e-01
3.084731682590000079e-01
3.195528169010000141e-01
3.100429591300000176e-01
3.099974101229999723e-01
2.843354612640000001e-01
2.857045757159999977e-01
2.708657390020000055e-01
2.628071345629999778e-01
2.773271503679999861e-01
2.529223286369999824e-01
2.579402025170000057e-01
2.477467665989999956e-01
2.467379901829999944e-01
2.403340511750000075e-01
2.355161824979999929e-01
2.308675037980000011e-01
2.230841998239999902e-01
2.294107012309999916e-01
3.010567864329999899e-01
2.890023691720000065e-01
5.039465951029999946e-01
3.064559390780000059e-01
3.305731989910000168e-01
4.828045437649999827e-01
2.453978355379999865e-01
2.200952044720000111e-01
2.139159853429999925e-01
2.160489111159999975e-01
2.112536602800000052e-01
2.115720990040000082e-01
2.464981965839999900e-01
2.058481830520000055e-01
2.029614809399999942e-01
1.984782318040000104e-01
2.051902731140000102e-01
2.991428150759999904e-01
1.270445952860000061e+00
3.619745238600000081e-01
2.736573877890000062e-01
1.935168852860000011e-01
2.521226799290000042e-01
4.673554750839999938e-01
4.519022440400000118e-01
3.539604377089999865e-01
3.149164403570000048e-01
4.118633706959999863e-01
4.184803198679999947e-01
2.923074222120000121e-01
3.259864687890000057e-01
3.898354267260000228e-01
1.655235899141999978e+00
2.836942145410000227e-01
1.940258945470000052e-01
2.994963328520000023e-01
2.833007309569999799e-01
2.428209666900000008e-01
2.882356409890000082e-01
2.733717191660000045e-01
1.935974862519999895e-01
1.916912305200000055e-01
2.651508099170000188e-01
1.476476303926000044e+00
3.576098998050000199e-01
1.499475321620999946e+00
3.249557640219999932e-01
6.572418992599999843e-01
1.584904407640000068e+00
1.341205726024000011e+00
1.746348128309999970e+00
2.000000000000000000e+00
1.999997401334999925e+00
1.996460924591000108e+00
1.999319322539000021e+00
1.671013639509000059e+00
1.973952805079000061e+00
1.928670311075000088e+00
1.496601603767000022e+00
1.526782243835999919e+00
1.477931895892000025e+00
1.186087439870999960e+00
1.679424404589000108e+00
1.747951460519999944e+00
1.946637477998000021e+00
1.464650304545999981e+00
1.848705605776000072e+00
1.708532427666000109e+00
1.366938459927000027e+00
1.322576799124999924e+00
1.108764071144999974e+00
1.419960256578000068e+00
1.156655332559999971e+00
1.310439200947000060e+00
1.536959897700000077e+00
8.574231621940000547e-01
1.064087090177999961e+00
8.058319153449999828e-01
1.036781936366000023e+00
1.409290332069000007e+00
1.091967742275000042e+00
9.607623020179999473e-01
1.263252781680999970e+00
9.350882622060000537e-01
1.057583843223999898e+00
8.829193278339999562e-01
1.162148453271000026e+00
9.054583873260000360e-01
6.521291696969999663e-01
1.839500407937000093e+00
1.040010066573000103e+00
1.597200481943999995e+00
8.797660626669999706e-01
8.788694672939999508e-01
5.382797591469999920e-01
8.364817387120000447e-01
1.211832731267000085e+00
8.171469653599999772e-01
1.012917937696999893e+00
6.867744869620000525e-01
8.690252429320000083e-01
7.325702556540000243e-01
8.264828066539999796e-01
7.360037742759999446e-01
6.927520554680000053e-01
6.754336734470000048e-01
7.083621061570000155e-01
6.354342724149999455e-01
6.371041026000000551e-01
7.928043114739999897e-01
5.562006887160000357e-01
5.462890030100000516e-01
5.350505879300000434e-01
5.037361054979999642e-01
6.763644960939999562e-01
5.748634096229999768e-01
5.945071649519999557e-01
4.987502650910000113e-01
4.622333517059999952e-01
5.614453170059999776e-01
4.544778597870000048e-01
1.487363124645999957e+00
1.344224689070999901e+00
7.470724954209999602e-01
6.470264682770000553e-01
1.396697646510000057e+00
5.284445359260000474e-01
1.696569145078999918e+00
4.285918151979999924e-01
1.391202699461000059e+00
3.938555679030000256e-01
1.667596326673000062e+00
3.622851698599999781e-01
8.152227043259999695e-01
8.675708178600000098e-01
3.366438809980000224e-01
1.724728458730000025e+00
4.926389225760000046e-01
7.596014743440000494e-01
4.244204590519999876e-01
3.620089161269999800e-01
4.031520338280000226e-01
3.529333666900000277e-01
3.760245640750000118e-01
3.636585767730000085e-01
3.535091572040000019e-01
4.522087631550000264e-01
3.946147322710000238e-01
5.878087666789999499e-01
5.210915644800000468e-01
3.661926073330000198e-01
4.604726916240000079e-01
4.044234794259999877e-01
4.943404321679999991e-01
4.115218734780000109e-01
4.567954853230000167e-01
4.139822152040000258e-01
4.022357830830000092e-01
4.004395628970000010e-01
3.836328068200000052e-01
3.542337171609999946e-01
3.182990174520000104e-01
2.918739103510000210e-01
3.093785291419999806e-01
3.203839740289999849e-01
3.115617687980000161e-01
3.009610299470000250e-01
2.963583655179999887e-01
2.838399949920000220e-01
2.696916952230000164e-01
2.629106779109999792e-01
2.563391994129999851e-01
2.575033336320000088e-01
2.410696658669999881e-01
2.340951477780000012e-01
2.371074430979999981e-01
2.268065288380000100e-01
3.010471064069999980e-01
1.757075224463999996e+00
1.044783674437000043e+00
7.981583857499999768e-01
7.914999541499999625e-01
6.269262328529999762e-01
1.496437741095999918e+00
1.681427782487000089e+00
5.731353104469999460e-01
4.910682657220000191e-01
4.618934800619999836e-01
4.418164521599999839e-01
3.944564916419999734e-01
3.531632764529999968e-01
2.951531927220000240e-01
2.739521748729999984e-01
1.177566705759000021e+00
3.472347823690000168e-01
5.109545790770000373e-01
6.232036674540000210e-01
6.945363239209999540e-01
5.149524167329999624e-01
4.663396208410000021e-01
3.967409988210000016e-01
1.276567829793000097e+00
2.788816036599999770e-01
1.261931125402999898e+00
4.350152995980000048e-01
5.138665401980000436e-01
5.616265150600000533e-01
5.844335327880000319e-01
5.238235274260000240e-01
6.503359731529999577e-01
9.968365258810000240e-01
1.136567740922999947e+00
9.934682892330000126e-01
8.368944989700000114e-01
3.620874870690000136e-01
2.862814719130000185e-01
1.410362550534999926e+00
2.645661352779999920e-01
5.044790476120000200e-01
9.478575950700000030e-01
2.228338953660000121e-01
4.644869972869999919e-01
9.354419178349999697e-01
1.275398524435999992e+00
1.050351830614000059e+00
8.471314238899999571e-01
4.116499459960000218e-01
9.223544834260000158e-01
1.282986861893999908e+00
6.814621008319999840e-01
5.130906503859999912e-01
1.115659474372999949e+00
2.526406733279999983e-01
2.112054593200000108e-01
7.709406445440000200e-01
2.600072248290000165e-01
8.252334481380000364e-01
2.262631684339999893e-01
7.293421032110000146e-01
2.558608659050000123e-01
6.837730379319999496e-01
2.736080496150000152e-01
6.634597775080000037e-01
7.507359645410000004e-01
1.784810386600000076e-01
6.368112033880000133e-01
2.797688727250000063e-01
4.541120450150000210e-01
3.502317101590000092e-01
3.923299254059999797e-01
2.886732194489999848e-01
1.114946863481000028e+00
1.879059759080000114e-01
1.091167323797000099e+00
3.285990751999999793e-01
1.718787725450000026e-01
3.090869297489999834e-01
2.007502240740000055e-01
1.878970136249999978e-01
3.144609206810000113e-01
2.296236106410000088e-01
2.217173739099999874e-01
2.101881987270000085e-01
1.982847676120000069e-01
2.060857982590000026e-01
1.754383256639999999e-01
2.549470210409999771e-01
1.345017421007999925e+00
8.877964006230000260e-01
5.901463585999999761e-01
1.885745175399999862e-01
1.894459757470000061e-01
3.061996540920000065e-01
1.939024824320000062e-01
1.757422960770000098e-01
1.801591206400000034e-01
1.692905948150000006e-01
2.864649653360000214e-01
1.537798966360000019e-01
1.610677418400000005e-01
1.753666848379999976e-01
1.659915860460000059e-01
1.718912451949999864e-01
1.691089121980000054e-01
1.610718797829999993e-01
1.611735538250000099e-01
1.535989341900000082e-01
2.999689597369999960e-01
9.603291881740000369e-01
2.812840366930000058e-01
1.454769294659999934e-01
1.619748123149999941e-01
1.959555296890000131e-01
1.494513922559999874e-01
1.851930194109999983e-01
1.959836472289999965e-01
1.486013341699999879e-01
1.413707843070000081e-01
2.561399115629999779e-01
1.489914230209999912e-01
6.710565872179999891e-01
5.467055256630000137e-01
3.215598007459999907e-01
2.991315395890000173e-01
3.606697138509999956e-01
1.080140656965000057e+00
1.018105552506000100e+00
1.544298643631000001e+00
1.519124844510000016e-01
6.845852580000000298e-01
7.843260437819999931e-01
6.563006212899999969e-01
1.567440940289999973e-01
8.005717395770000078e-01
4.316622252840000007e-01
3.160063448600000102e-01
2.317584970899999874e-01
5.038884812089999832e-01
3.735077232019999860e-01
2.560044997009999768e-01
4.269927585630000078e-01
1.906185893929999986e-01
3.684660465269999907e-01
3.847516163920000065e-01
2.365258168709999942e-01
2.164437382789999864e-01
1.934005028490000111e-01
1.980214874050000018e-01
1.957668262260000014e-01
1.569303458870000001e-01
4.349768180590000144e-01
2.106784161409999967e-01
1.836620165679999916e-01
1.796788515830000099e-01
1.438834541550000068e-01
2.002226563589999953e-01
4.548206120259999929e-01
1.742633963319999979e-01
1.447079597489999980e-01
2.471344035290000130e-01
1.436716891829999954e-01
2.497069137590000043e-01
1.461998628434999947e+00
2.638506307610000157e-01
1.166700191307999956e+00
5.984299146299999483e-01
4.984670949619999791e-01
1.378832628870000077e-01
1.452343588570000066e-01
2.089781749630000018e-01
1.753334546449999976e-01
1.324001073540000128e-01
1.425751881139999955e-01
2.665015725970000249e-01
1.144764953976999955e+00
3.157010516329999961e-01
8.253989544199999973e-01
4.540420633960000063e-01
6.556923334409999748e-01
2.712561333669999963e-01
1.408123864460000041e+00
7.741418865069999988e-01
6.857154069230000371e-01
2.331805886259999960e-01
1.365349726317999890e+00
4.398174468980000085e-01
1.012245158915000109e+00
5.995131955660000234e-01
1.726008703138000033e+00
1.406646104120000129e-01
1.983976200532000078e+00
1.195028074830000037e-01
7.917806601429999702e-01
2.999648110720000149e-01
5.170013211180000123e-01
1.999999966502999937e+00
1.967985265909999892e+00
1.999997888953999992e+00
1.998575138896999892e+00
1.994668561923000016e+00
1.945359575702999999e+00
1.963468895542999970e+00
1.979679495140000078e+00
1.932434793742999979e+00
1.710197295156999919e+00
1.593940209756999904e+00
1.920635686173000067e+00
1.619840326562000055e+00
1.997350048973999925e+00
1.434111863367999895e+00
1.285534424841999979e+00
1.410817507333999909e+00
1.820510446484999934e+00
1.584950565011000068e+00
1.014087520192000103e+00
1.426160405650999996e+00
1.319592785043999905e+00
1.514684436568999981e+00
1.176972812455000073e+00
1.322445309898000021e+00
1.455416972460999991e+00
1.334023774705000109e+00
1.201297893141999973e+00
1.016812568258999905e+00
1.051028758443999900e+00
1.064662290745000073e+00
1.114664737950000095e+00
9.342858674649999751e-01
8.314636280180000005e-01
1.021221536827999987e+00
7.550939352069999666e-01
1.535790436259999892e+00
9.063997802909999901e-01
1.487732345628000052e+00
8.434349598320000085e-01
1.458749589388999901e+00
9.238952462570000357e-01
1.584323762337999986e+00
6.972357903110000255e-01
9.386277474019999456e-01
7.511870512849999626e-01
7.610526503810000065e-01
1.020756476135999957e+00
8.616124931030000322e-01
7.663148310559999565e-01
1.370540907569999911e+00
6.505665344550000118e-01
1.628965920945000034e+00
6.581186403490000281e-01
1.678815086153000014e+00
7.132324327469999892e-01
1.767625130325999994e+00
5.362840977699999678e-01
1.594859257103999894e+00
6.365323178620000411e-01
1.294954499132999981e+00
7.735827668310000238e-01
5.846320852459999662e-01
4.908919879129999830e-01
1.204713331850999936e+00
4.470710615510000152e-01
1.393663492373000024e+00
4.746185175670000200e-01
1.554741210566999987e+00
4.645630320810000269e-01
1.085947959387000061e+00
4.970047470680000190e-01
1.372720839547000082e+00
1.055053441519000046e+00
8.539021976870000419e-01
9.341908248539999571e-01
3.547403173620000127e-01
1.280222816143999909e+00
3.209199018050000185e-01
1.130079995730999931e+00
5.602931868680000038e-01
7.785714615109999848e-01
6.336531246540000328e-01
1.170379998335000060e+00
8.423517385709999861e-01
5.842416635149999538e-01
5.244474522659999804e-01
4.225705467820000116e-01
4.940269446180000079e-01
3.875723000819999986e-01
4.500763384329999894e-01
4.475322479869999759e-01
3.445947063309999781e-01
4.615064504559999725e-01
8.121672108819999458e-01
6.218277995569999606e-01
4.615983028389999965e-01
9.305111941179999846e-01
5.215417842820000427e-01
3.888381671700000264e-01
3.762095788950000075e-01
3.844009959670000032e-01
3.698744369579999858e-01
1.243322968755999902e+00
6.136094815789999712e-01
7.464643250650000450e-01
7.485457429080000225e-01
1.049090585764999917e+00
7.660060145999999515e-01
1.238802179989000107e+00
2.898012210470000127e-01
7.438931324440000159e-01
7.619377647680000143e-01
4.314821707670000173e-01
1.664376074483999934e+00
3.575436528159999794e-01
1.046488583419000085e+00
1.019234877328000000e+00
3.631861762029999774e-01
1.649348298292000026e+00
2.462563021380000106e-01
8.379560688410000457e-01
4.319310407220000037e-01
2.849700390480000012e-01
1.419945224873000011e+00
2.861125839759999789e-01
1.278046715127999944e+00
4.007761987819999927e-01
3.737052634429999798e-01
9.715040923750000168e-01
1.391079770221000045e+00
9.464569398429999447e-01
4.174238907019999778e-01
3.072487955389999748e-01
8.575872569579999771e-01
1.091642566620000032e+00
3.446296842350000111e-01
5.899234934179999890e-01
1.402165738784000082e+00
2.535132087129999823e-01
1.515998932410999922e+00
1.850889708219999874e-01
1.529241028219999965e+00
2.222679778709999998e-01
1.000691359863999930e+00
3.997081705750000213e-01
5.920059608679999474e-01
4.946367640589999781e-01
2.771754883079999843e-01
1.079800151406000053e+00
2.402083587530000064e-01
8.054041593520000486e-01
2.440631545149999915e-01
3.484978871059999928e-01
4.848560535040000175e-01
4.445315115139999995e-01
4.256716513289999781e-01
2.405072489990000006e-01
4.185978527199999966e-01
4.046733016979999764e-01
2.439099226010000010e-01
2.854008049280000181e-01
3.879999493060000137e-01
3.770286388440000080e-01
2.758596666620000137e-01
2.993318119789999954e-01
3.093529865260000178e-01
3.020855844959999814e-01
7.686981487080000175e-01
2.546865941590000237e-01
2.181438804849999968e-01
8.364903778290000425e-01
7.987751494860000356e-01
1.593266773249999990e-01
1.117832863077999894e+00
3.020442390749999984e-01
7.372425873229999649e-01
3.498422138330000153e-01
9.096150336949999637e-01
2.731045066089999862e-01
2.226808171380000034e-01
2.242653367720000013e-01
2.219303873269999894e-01
2.256707688140000001e-01
2.273194194000000001e-01
2.299413372959999979e-01
2.247283147169999995e-01
1.963009197989999954e-01
2.192838299650000100e-01
2.083724471739999973e-01
2.022388362810000062e-01
1.784046245629999916e-01
2.858767409219999944e-01
8.474169950200000079e-01
8.132970555290000014e-01
7.392076304039999490e-01
5.108058166950000256e-01
6.622287251870000446e-01
7.315002403270000064e-01
6.035606685290000328e-01
1.451542284000000016e-01
1.506091798608000021e+00
2.167443621600000092e-01
2.512074530760000091e-01
3.744316639590000162e-01
4.930691601439999849e-01
6.579980263189999512e-01
6.248965071440000241e-01
1.661200281109999899e-01
2.728161804259999768e-01
4.377313163959999920e-01
5.646805440990000369e-01
4.165158581210000044e-01
4.595146601569999878e-01
4.809690388910000114e-01
4.362596067139999922e-01
4.109409124310000050e-01
3.636964773870000056e-01
3.643516356679999957e-01
4.270136478150000081e-01
1.737712410820000108e-01
2.398887486409999881e-01
1.149595105113000004e+00
4.860437778889999949e-01
1.942876115349999877e-01
2.452472379210000053e-01
1.421969201193000076e+00
2.255602633010000135e-01
2.044478355269999936e-01
1.111081815621999924e+00
3.674248217500000191e-01
1.183117731767000080e+00
2.423678613739999876e-01
1.242984412553999940e+00
4.164839845550000197e-01
9.366258407880000414e-01
4.608571281800000197e-01
9.923772841310000148e-01
4.048915512829999730e-01
1.195540107558000109e+00
1.849567088500000123e-01
2.770646365519999765e-01
1.387779023029999947e-01
2.383049437499999978e-01
9.831719574809999473e-01
1.854089262470000055e-01
1.616483198339999927e-01
1.738255148929999938e-01
1.765495209050000069e-01
1.355845300909999940e-01
1.692192853320000079e-01
1.666300734929999916e-01
1.629613058050000118e-01
1.606613537630000033e-01
1.566217687610000076e-01
1.533387324580000044e-01
1.506465823279999894e-01
1.477312941479999864e-01
1.709729149679999893e-01
1.508622007590000036e-01
1.535832745359999862e-01
8.716797879840000318e-01
2.564545416049999749e-01
1.172248687149999996e-01
1.738288150260000053e-01
1.465550540270000035e-01
1.490720757510000105e-01
1.561325205430000029e-01
1.648331269580000091e-01
1.425597199489999911e-01
1.440323604500000076e-01
1.404018752089999933e-01
1.341181190530000011e-01
1.418701565499999873e-01
1.305195233789999965e-01
1.402290455019999937e-01
1.320269403300000088e-01
1.379003649939999909e-01
1.312145489140000010e-01
1.295893203119999892e-01
1.265112797219999918e-01
1.369458918060000030e-01
1.271696956860000061e-01
1.251342765210000096e-01
1.309161873420000011e-01
1.152537190980000015e-01
6.144038943759999594e-01
2.795661219130000097e-01
1.679913031330000084e-01
1.272663659632000011e+00
3.165430780829999735e-01
6.013192457349999520e-01
1.326981619329999917e-01
1.777661119130000134e-01
7.053957716669999600e-01
2.770893693120000112e-01
1.129687015329999961e-01
2.384997646520000125e-01
1.390492393530000093e-01
2.532014344829999763e-01
2.630461418080000113e-01
1.518054241969999940e-01
1.456460751389999919e-01
2.310568607479999981e-01
2.334856134939999883e-01
1.253445190670000042e-01
2.431006177539999924e-01
1.270851213960000059e-01
2.444523265649999888e-01
1.459630160760000128e-01
1.296161016730000004e-01
1.238789706060000051e-01
1.495802441074999933e+00
1.587851875890000097e-01
2.144331362249999873e-01
1.277234421811999976e+00
1.034044044160000037e-01
5.135335294870000400e-01
4.542724204970000068e-01
8.407659038550000519e-01
2.992853508200000179e-01
7.169174462349999777e-01
4.640688256450000160e-01
2.186286873749999915e-01
3.256153207349999912e-01
9.974648188410000227e-01
2.215846849410000041e-01
3.520274543520000021e-01
7.523271097760000359e-01
1.325992116770000062e-01
1.224449399210000011e-01
1.135374702229999949e-01
1.231202042100000005e-01
1.188556112779999979e-01
1.078441615390000052e-01
1.193701984529999954e-01
1.186191740839999953e-01
9.975026244000000097e-02
1.175843374999999968e-01
1.038903552529999996e-01
1.256833767739999885e-01
1.096986226990000063e-01
1.222312509129999947e-01
9.943971523099999488e-02
1.195133284220000064e-01
1.123081333790000025e-01
1.148433745600000028e-01
1.147912273769999963e-01
8.562510840600000284e-02
1.539610912726000036e+00
1.350722775069999881e-01
2.432744786469999976e-01
8.595293160550000477e-01
1.452679476229999933e-01
1.340319443087000018e+00
1.389591220760000023e-01
1.529136989134000091e+00
3.382550289740000049e-01
7.736120672249999775e-01
2.654248586760000195e-01
7.891230239259999779e-01
1.197861301447000093e+00
3.305700559379999848e-01
1.132266112948999925e+00
1.382117224390000121e-01
2.149750536489999919e-01
1.493469344900000051e+00
1.024870650940000044e-01
8.824381703050000469e-01
3.914406509139999879e-01
1.658144917348000069e+00
2.357902177479999917e-01
1.246846551883999954e+00
1.121743697761000025e+00
5.608275566710000382e-01
1.132515632810000006e-01
1.847180431079999963e+00
2.389836103130000000e-01
2.601188609419999853e-01
2.879494381709999939e-01
2.967082305129999931e-01
2.504182261899999817e-01
1.893518799520000073e-01
2.882824060399999944e-01
2.630882300030000231e-01
2.393441283749999926e-01
2.585615162530000011e-01
2.802415016690000260e-01
2.498654310279999902e-01
2.388246877350000130e-01
2.583045859520000098e-01
2.625566206689999849e-01
2.599257995099999996e-01
2.557852328870000025e-01
2.476754932920000041e-01
2.478863603350000000e-01
2.381178675570000125e-01
2.332996377500000107e-01
2.349146939550000035e-01
2.240173830159999935e-01
