#! FIELDS time at_proj1-1 at_proj1-2 at_proj1-3 at_wtheight
 0.000000 -0.060724993985 -0.093359149503 -0.227488057870 1.000000000000
 1.000000 -0.205513175618 -0.219682639197 -0.065410942848 2.000000000000
 2.000000 -0.654965162870 -0.722685523837 0.323696805342 2.000000000000
 3.000000 -0.886357541058 -0.940504645143 0.566331564819 2.000000000000
 4.000000 -0.008313599220 -0.073340763825 -0.312595799024 1.969777372770
 5.000000 1.030662334535 1.037499039548 -1.265476356210 1.937574976942
 6.000000 0.000502602628 -0.074073293572 -0.331128003308 2.000000000000
 7.000000 -1.229465728567 -1.239233500453 0.951050526847 1.566970352525
 8.000000 -0.450394591960 -0.516165519503 0.123531876028 1.998772192586
 9.000000 0.958776222356 0.954444774016 -1.205918744380 1.924680371699
 10.000000 0.489040293346 0.435488465707 -0.792311811832 1.694902069655
 11.000000 -0.674904152263 -0.683935183447 0.403755170869 2.000000000000
 12.000000 -1.010563933931 -1.049019957203 0.705216195185 1.544250386711
 13.000000 -0.038432165867 -0.079048027059 -0.257727263626 1.775093605669
 14.000000 0.944358090692 0.900864174224 -1.231942699471 1.251291286219
 15.000000 -0.070318577546 -0.096908788885 -0.211791756683 1.397495569952
 16.000000 -0.979299196017 -1.013020412377 0.679187450844 1.066861776180
 17.000000 -0.813453837103 -0.843762192584 0.518798157620 1.456268907278
 18.000000 -0.157419173220 -0.185991800037 -0.127752038038 1.378381701266
 19.000000 -0.500525031675 -0.551221076121 0.188576273569 1.166830493322
 20.000000 -0.425795472139 -0.446154813179 0.145920635719 1.458944110750
 21.000000 -0.834111721952 -0.894921462102 0.507847380295 1.391684444970
 22.000000 -0.753723382770 -0.774735981960 0.469328052790 1.170730190304
 23.000000 -0.136047353019 -0.210896927331 -0.196462098786 1.033302137387
 24.000000 -0.680682854121 -0.690373230515 0.408788011134 0.937034330407
 25.000000 -0.056092672841 -0.128432257556 -0.272897236897 0.968541636537
 26.000000 0.930554467029 0.929630447590 -1.174524170473 0.752287074419
 27.000000 0.098632050574 0.046175559413 -0.405359186852 1.247948336072
 28.000000 0.795392221891 0.784621808564 -1.051073827316 1.311612287704
 29.000000 0.159133855484 0.119164249283 -0.452309980366 1.720865644953
 30.000000 0.805938239369 0.764566923063 -1.092964623607 1.504163421496
 31.000000 0.092217775882 0.071601854924 -0.366276824935 1.451579742038
 32.000000 0.715085863059 0.691351498000 -0.985041508633 0.948119005669
 33.000000 0.362735911712 0.291348031318 -0.685831567451 1.541180559199
 34.000000 0.524411053278 0.517668631841 -0.779130818260 1.778325582364
 35.000000 0.385200566752 0.335561179140 -0.685667423970 1.563067245625
 36.000000 0.593346941866 0.580489347261 -0.853546204421 1.380710775872
 37.000000 0.259817633850 0.205890116482 -0.566165757058 1.363315466195
 38.000000 0.765671812714 0.760606997361 -1.015834857787 1.328550458711
 39.000000 0.042804592549 -0.023637818274 -0.364569417811 1.185268605217
 40.000000 0.809331384482 0.848499692436 -1.013494724775 0.658739507332
 41.000000 0.274395118644 0.167492996366 -0.635048784620 0.979099586314
 42.000000 0.526623728908 0.573749685564 -0.725921779101 1.135606898606
 43.000000 0.827145601220 0.743450263666 -1.157447149840 1.048186353247
 44.000000 0.008760668507 0.033665347164 -0.236987931703 0.899158150497
 45.000000 0.513078000465 0.423574579005 -0.853038355788 0.537252707356
 46.000000 1.233097541563 1.258912027384 -1.446019819259 0.912786651863
 47.000000 0.624417921540 0.534022742972 -0.963988581944 1.930282713164
 48.000000 -0.515742432650 -0.496912792593 0.275112070863 1.007143135542
 49.000000 -1.239175449967 -1.350537033682 0.856171918410 1.097514354096
 50.000000 -0.571110684224 -0.551348753840 0.330789219318 1.655165436425
 51.000000 -0.276634921653 -0.372647314292 -0.079287393149 0.953160354768
 52.000000 -1.138512575584 -1.163688449180 0.845319863626 1.257397197629
 53.000000 -0.750419697929 -0.804235632751 0.432329710019 1.470390336778
 54.000000 0.180434338414 0.147602666281 -0.466020150115 0.802065203089
 55.000000 0.779827714481 0.767486693172 -1.037307132666 0.882897617367
 56.000000 0.105663451835 0.064374797167 -0.400823578393 0.788124754705
 57.000000 0.388596772644 0.326384010918 -0.701953646187 0.622131717857
 58.000000 1.164146534300 1.154622996134 -1.414218040443 0.906944462510
 59.000000 0.677875399941 0.658548048222 -0.943735796199 1.618321279835
 60.000000 -0.419118994674 -0.485295807173 0.092205950271 0.790987140982
 61.000000 -1.284193420198 -1.319822370839 0.978541470258 1.005250163194
 62.000000 -0.740111536603 -0.782693113633 0.433695423403 1.464318104149
 63.000000 -0.117715237427 -0.174065459797 -0.195555183241 0.675655107873
 64.000000 -1.186434019491 -1.213849171787 0.890376108844 0.624965078654
 65.000000 -0.930657259557 -1.010554410404 0.583631205593 1.201988881728
 66.000000 -0.106574162108 -0.113188444930 -0.155419364416 0.960784829014
 67.000000 -0.646498208982 -0.738027371714 0.290845354192 0.552662126196
 68.000000 -0.303164877155 -0.311006693711 0.037601732521 0.621352080292
 69.000000 -0.334107614154 -0.411908933981 -0.003761802593 1.088252315593
 70.000000 -0.514684779934 -0.526275202437 0.242784247425 1.018704323695
 71.000000 -0.141176485201 -0.207917867189 -0.183055074904 0.729341517875
 72.000000 -0.545480360910 -0.579417669778 0.250237894038 0.562231678894
 73.000000 -0.377839860684 -0.418346513576 0.077809290784 0.632951680019
 74.000000 -0.272071036410 -0.320312895745 -0.034672709961 0.809430879435
 75.000000 -0.418133612244 -0.445914687869 0.130716530741 0.809028327236
 76.000000 -0.395968597768 -0.423176763657 0.109400808938 0.668305863788
 77.000000 -0.539961809108 -0.568990980792 0.249831411527 0.636866389086
 78.000000 -0.517042940273 -0.597460754931 0.174335828073 0.546286517548
 79.000000 -0.177810602465 -0.197687628961 -0.098657779262 0.506067969090
 80.000000 -0.253680942053 -0.318088735818 -0.069471268142 0.563539619382
 81.000000 -0.282858713429 -0.277289105127 0.031325579637 0.651490591455
 82.000000 -0.269422110541 -0.351997830020 -0.072597898853 0.630167915358
 83.000000 -0.262521887476 -0.275427875169 -0.007772011411 0.580924847395
 84.000000 -0.341595701685 -0.410760257716 0.012520049277 0.538305961047
 85.000000 -0.329670787884 -0.364556146097 0.035986231596 0.517219057230
 86.000000 -0.245233429855 -0.295311430910 -0.063083541121 0.489330579716
 87.000000 -0.373005355776 -0.427178274874 0.058977770466 0.458049141276
 88.000000 -0.625450263227 -0.652965713977 0.335873174261 0.443465037233
 89.000000 -1.324928244120 -1.374937112095 1.004010570343 0.493194098075
 90.000000 -0.782329982053 -0.850533955011 0.449069488116 1.411956426331
 91.000000 -0.317820915648 -0.336222734597 0.041226343479 0.555352440706
 92.000000 -0.075757354928 -0.122471051744 -0.227110872002 0.425344987817
 93.000000 -0.404859788371 -0.432569150565 0.117672241356 0.368279692732
 94.000000 -1.125940249201 -1.163236852410 0.820430694742 0.400678608405
 95.000000 -0.807756292329 -0.867688082368 0.482704113387 1.137472055426
 96.000000 -1.158258115663 -1.186650745468 0.861525697800 0.508904357600
 97.000000 -1.132217233492 -1.190279237889 0.805279832354 1.066795652548
 98.000000 -1.071500332152 -1.101512824887 0.774120351597 1.026396075719
 99.000000 -0.914276145157 -0.946410601964 0.616559290539 0.947782743968
 100.000000 -0.930401722316 -0.998965716597 0.595033160918 0.663762475234
 101.000000 -0.927181886518 -0.948828467861 0.640098809684 0.632217385733
 102.000000 -1.034601655624 -1.092017795897 0.709474092666 0.581110723237
 103.000000 -1.147515174153 -1.209543849963 0.816319088114 0.739981367109
 104.000000 -1.247414841071 -1.312825810669 0.911568092166 0.786349131528
 105.000000 -1.389964468035 -1.420402499556 1.088409241191 0.911628377726
 106.000000 -0.953812344008 -1.017657276592 0.623021889308 1.550644063692
 107.000000 0.014269204835 -0.026664714575 -0.310137183092 0.558620910752
 108.000000 1.135645977472 1.119024350859 -1.393351324791 0.385857183314
 109.000000 0.687336796516 0.643557951126 -0.978230933397 1.392524494699
 110.000000 0.191931014714 0.150217977717 -0.486515080523 0.657880051978
 111.000000 0.916175242632 0.863517140067 -1.213514642968 0.764510432736
 112.000000 0.948595857779 0.920064504559 -1.220743922926 0.784522862497
 113.000000 -0.005291106477 -0.059271703157 -0.304223039425 0.779923395353
 114.000000 0.750418834480 0.741233786704 -1.004997951785 0.342994643726
 115.000000 1.084739261302 1.046917488011 -1.364843322539 0.545184127370
 116.000000 0.070700333254 0.063678351697 -0.331032543082 1.130066903508
 117.000000 0.712140320671 0.639150421312 -1.032782647323 0.406070574974
 118.000000 0.197907908704 0.221144125161 -0.425631021969 0.530806448546
 119.000000 0.523048925506 0.427795510051 -0.868805285044 0.677741532353
 120.000000 0.527461697927 0.543118247886 -0.759111594075 0.665394925682
 121.000000 0.341602172635 0.255151189209 -0.680436061382 0.612646828978
 122.000000 0.584173282168 0.591245192011 -0.823985631429 0.822678814778
 123.000000 0.244852194493 0.174370590142 -0.568399415560 0.528433636104
 124.000000 0.664724541398 0.647691742335 -0.928379670485 0.715598113030
 125.000000 1.051584340735 1.018952104324 -1.326740843962 0.471457222369
 126.000000 0.974889347004 0.963095466017 -1.229516778176 0.951204755261
 127.000000 0.465495902236 0.396444905434 -0.784982376472 0.712968141873
 128.000000 -0.195967982343 -0.194698404687 -0.058967314188 0.594004029255
 129.000000 -0.947124402619 -1.010732313750 0.616656182570 0.382728464025
 130.000000 -1.361760902947 -1.401049738698 1.051434928885 0.462211622882
 131.000000 -1.277848869266 -1.348246002885 0.936517392369 1.263581055922
 132.000000 -0.851963972663 -0.917968385765 0.520148147624 0.864536299126
 133.000000 -0.087360850352 -0.114573829461 -0.195589925385 0.372534327283
 134.000000 -0.453209639785 -0.501261655359 0.144535193798 0.297449562366
 135.000000 -1.124900839428 -1.192631683281 0.788106320056 0.394098969300
 136.000000 -0.834945865848 -0.847832435414 0.557953703975 0.618059118677
 137.000000 -0.172946428890 -0.246101015623 -0.158253040735 0.334066956536
 138.000000 -0.437640529034 -0.460190301561 0.155374135248 0.338474845564
 139.000000 -0.467323503756 -0.526969961879 0.146560223086 0.376195094864
 140.000000 -0.115799491727 -0.157215418595 -0.182090706863 0.372817846780
 141.000000 -0.671660097795 -0.694991721028 0.385843123406 0.293082531032
 142.000000 -0.260090106965 -0.315355937947 -0.053736152911 0.390087993108
 143.000000 -0.390260638439 -0.383574163423 0.138615520161 0.348058967178
 144.000000 -0.589231152262 -0.664184342924 0.251296372222 0.338600089980
 145.000000 -0.619190425674 -0.634581439059 0.342155015046 0.408943807358
 146.000000 -0.491031977844 -0.542032950216 0.178881060835 0.391828353265
 147.000000 -0.529809795544 -0.556100396925 0.242614765572 0.342635630331
 148.000000 -0.552772296440 -0.631396904663 0.211489898515 0.346154169193
 149.000000 -0.290586850491 -0.271089890626 0.053285259202 0.343678314101
 150.000000 -0.223528495510 -0.264797681566 -0.075475158872 0.326568291259
 151.000000 -0.751097065770 -0.789495352805 0.448853923072 0.311360982255
 152.000000 -0.460790447342 -0.514075931871 0.146645172350 0.310805419614
 153.000000 -0.043379267593 -0.055341567942 -0.223372228116 0.297412598981
 154.000000 1.036478299080 1.009758727179 -1.305731783362 0.253498205314
 155.000000 0.934073040511 0.907985246715 -1.203878708765 0.785645997213
 156.000000 -0.250285915884 -0.290190443908 -0.047628424786 0.581054806232
 157.000000 -1.056523005393 -1.109078612302 0.736136510826 0.301143176974
 158.000000 -1.445722559806 -1.517271289305 1.101236592006 0.555850523689
 159.000000 -1.205507698537 -1.236998247928 0.905034980727 1.538736603770
 160.000000 -0.426160654987 -0.500971405174 0.090286224665 0.607327168839
 161.000000 0.472683233178 0.488920364488 -0.704378991659 0.281523588877
 162.000000 1.326447791682 1.276766267902 -1.615911068453 0.538269254688
 163.000000 0.784406583369 0.771106928406 -1.042818076301 1.797967895065
 164.000000 0.158098360117 0.109125982375 -0.460544671455 0.462674436671
 165.000000 0.767842246158 0.775995946630 -1.004386508395 0.502810951477
 166.000000 0.287781034028 0.218084370775 -0.610017225363 0.373872066895
 167.000000 0.661958891626 0.657685755473 -0.912525033118 0.692016229010
 168.000000 0.137200565295 0.107093107164 -0.420492332946 0.376604667813
 169.000000 0.369423068963 0.298472868951 -0.691990150903 0.428806110208
 170.000000 0.528835541468 0.550891367024 -0.753888594831 0.650095640866
 171.000000 0.325578324131 0.249931976827 -0.653489288642 0.432722714426
 172.000000 0.147145137069 0.142615681422 -0.404016957204 0.635174650044
 173.000000 0.357319346848 0.326357239505 -0.638906580685 0.423818630831
 174.000000 0.449273517585 0.420763073179 -0.727260358238 0.586131785556
 175.000000 0.338452456569 0.288611510259 -0.639675244789 0.473493368535
 176.000000 0.148249466337 0.127184664729 -0.422112509718 0.547956703716
 177.000000 0.311096187903 0.286638043712 -0.586537543483 0.391037013457
 178.000000 0.430755635401 0.390764556021 -0.720765963883 0.521403289122
 179.000000 0.317385835183 0.293049757646 -0.592627844867 0.438234933919
 180.000000 0.193877287128 0.189951500874 -0.449579851553 0.483771882173
 181.000000 0.458851346469 0.411759342592 -0.755834192701 0.412770017972
 182.000000 0.331535753279 0.319426336661 -0.594038361035 0.386531660142
 183.000000 0.140571542884 0.112939524817 -0.421278119244 0.437839351301
 184.000000 0.325938851487 0.287340008396 -0.615747646729 0.331626780641
 185.000000 0.400713209733 0.387718575995 -0.663314235270 0.417620967812
 186.000000 0.240837242997 0.185277771546 -0.549086354837 0.377996967147
 187.000000 0.251877423976 0.217340785646 -0.538378054985 0.390010217125
 188.000000 0.295706022497 0.239704984631 -0.603765255505 0.377667035741
 189.000000 0.360351458671 0.345952944211 -0.624869874254 0.367327738433
 190.000000 0.481116127323 0.444453069710 -0.767113018368 0.347859335634
 191.000000 0.149088778212 0.127734436819 -0.423239720350 0.327688977218
 192.000000 0.422651794152 0.390482267868 -0.704713910003 0.298858720077
 193.000000 0.675590168298 0.641239980830 -0.956926173783 0.318488920905
 194.000000 0.376214181773 0.365365052350 -0.636896401897 0.327461558099
 195.000000 0.264076379512 0.205199905067 -0.575463798428 0.314751144651
 196.000000 0.881907902654 0.890025254510 -1.117150816997 0.324376273394
 197.000000 1.133208298840 1.063267697410 -1.445773020796 0.429619220977
 198.000000 0.877138306744 0.891948694663 -1.105554390878 1.103160480971
 199.000000 1.227335032490 1.173305430510 -1.522432904587 0.408706217384
 200.000000 1.176608107395 1.181941680637 -1.411254993317 1.390410974817
 201.000000 0.952866670899 0.888180491279 -1.262144561236 1.168502222434
 202.000000 1.302300397062 1.311278320290 -1.531724419545 0.449008305481
 203.000000 1.082465288270 1.037013719421 -1.370442166379 1.456984357192
 204.000000 1.033668697938 1.039683551649 -1.269292589371 0.704552652197
 205.000000 0.533631187215 0.449248938824 -0.868083943601 0.486527992521
 206.000000 -0.162137351097 -0.143846723143 -0.074897233535 0.306051206719
 207.000000 -0.724599965743 -0.839357821138 0.344143160738 0.267636027341
 208.000000 -0.672591319695 -0.671248177103 0.412137802735 0.308473168259
 209.000000 -0.668718356764 -0.748150972675 0.325244244732 0.319552816901
 210.000000 -0.596350413613 -0.612829793862 0.318463837804 0.310042959130
 211.000000 -0.537270106327 -0.605483251895 0.206876315372 0.309997410123
 212.000000 -0.571369712444 -0.615243084462 0.265605608927 0.284335461264
 213.000000 -0.317295603480 -0.347243222860 0.028834030049 0.285704575716
 214.000000 -0.206367829823 -0.281719078031 -0.127482833721 0.270865739002
 215.000000 -0.697215832458 -0.709955337180 0.421991368424 0.262807134563
 216.000000 -0.497360071104 -0.584789203798 0.147673851302 0.277327150368
 217.000000 -0.292669834007 -0.305998928184 0.021587001804 0.252922328637
 218.000000 -0.174240956771 -0.244283382072 -0.153773303313 0.257940202517
 219.000000 -0.331118364075 -0.387603044732 0.015205075260 0.247746766599
 220.000000 -0.324137826867 -0.358487572095 0.031069007555 0.246737990183
 221.000000 -0.153576560897 -0.227387657163 -0.178070699033 0.240334051175
 222.000000 -0.176603433446 -0.148041762112 -0.050038666357 0.235516182498
 223.000000 -0.146631091016 -0.220866251542 -0.185370741729 0.230867503798
 224.000000 -0.407116395456 -0.425878457186 0.129103353377 0.223084199824
 225.000000 -0.863725613230 -0.925402179524 0.536222305424 0.229410701231
 226.000000 -0.856612818518 -0.899624223510 0.548387377395 0.301056786433
 227.000000 -1.140411324263 -1.194009855202 0.817967782933 0.289002369172
 228.000000 -0.893310741258 -0.928431597554 0.592768871326 0.503946595103
 229.000000 -0.932201660711 -0.965531240670 0.633045414664 0.306455939078
 230.000000 -1.162472332447 -1.205229962514 0.850918153456 0.330573198991
 231.000000 -0.520747784942 -0.564070981893 0.216143578266 0.482804543765
 232.000000 -0.200106353505 -0.220835699216 -0.077500187051 0.245397835538
 233.000000 -0.194124545704 -0.267246941582 -0.137290376478 0.220095204472
 234.000000 -0.419076987670 -0.409740221247 0.169819104403 0.213915985343
 235.000000 -0.251351564484 -0.335859277054 -0.092443132891 0.216048911116
 236.000000 -0.349604420711 -0.360293582620 0.080568162063 0.211253660280
 237.000000 -0.766275179838 -0.806571636049 0.461901910504 0.211572099004
 238.000000 -0.418932599293 -0.470548531526 0.106995477578 0.246498196584
 239.000000 -0.308894906896 -0.319892259157 0.040019505180 0.205848183052
 240.000000 -0.228442645245 -0.287891662789 -0.089313980801 0.202961480940
 241.000000 -0.065229963349 -0.090297699859 -0.215255005937 0.198478231804
 242.000000 0.578447711633 0.533669349390 -0.871647677861 0.205190273114
 243.000000 1.281211127789 1.280996113014 -1.520336255447 0.299142815076
 244.000000 0.970243931776 0.897536460338 -1.287566599670 1.270445952860
 245.000000 0.134967243151 0.115198912219 -0.407652942413 0.361974523860
 246.000000 -0.270644634371 -0.322613367519 -0.039914915553 0.273657387789
 247.000000 -0.702642531332 -0.744740733143 0.397163252344 0.193516885286
 248.000000 -1.143739702999 -1.166441005250 0.853030377656 0.252122679929
 249.000000 -1.044303662184 -1.116535041440 0.703826926212 0.467355475084
 250.000000 -0.972521071309 -0.985156527774 0.694172496491 0.451902244040
 251.000000 -0.953489428631 -1.037596667197 0.601865946532 0.353960437709
 252.000000 -1.056833594532 -1.059652120624 0.787590765727 0.314916440357
 253.000000 -1.118280033544 -1.209893701375 0.757003228648 0.411863370696
 254.000000 -0.952380685923 -0.975511792676 0.663475247168 0.418480319868
 255.000000 -1.001549375654 -1.044362862958 0.691826421669 0.292307422212
 256.000000 -1.121949233011 -1.175206069017 0.800073754543 0.325986468789
 257.000000 -1.494531032699 -1.482098002383 1.235835179417 0.389835426726
 258.000000 -0.971095513660 -1.042221162921 0.632615063797 1.655235899142
 259.000000 -0.139351373239 -0.164214955615 -0.141793576423 0.283694214541
 260.000000 0.657455199841 0.620490111776 -0.941693088374 0.194025894547
 261.000000 0.759325250960 0.732930622098 -1.031497374803 0.299496332852
 262.000000 0.095925849145 0.055084401704 -0.390740373489 0.283300730957
 263.000000 0.601349050353 0.564172249669 -0.886463141974 0.242820966690
 264.000000 0.727858596087 0.714911315016 -0.986571397270 0.288235640989
 265.000000 -0.053804376295 -0.095537235104 -0.243684137176 0.273371719166
 266.000000 -0.023637639889 -0.079678002708 -0.288209997513 0.193597486252
 267.000000 0.724293632227 0.740519270993 -0.953048193479 0.191691230520
 268.000000 1.337979475474 1.299711320203 -1.615570431379 0.265150809917
 269.000000 1.009185890543 1.012850542106 -1.247513962560 1.476476303926
 270.000000 1.353974835164 1.323905357821 -1.622946921389 0.357609899805
 271.000000 1.024099356491 0.982652279775 -1.308643209787 1.499475321621
 272.000000 1.156993994952 1.149201965745 -1.405368842953 0.324955764022
 273.000000 1.391383918259 1.338246440885 -1.683639017373 0.657241899260
 274.000000 1.354472823345 1.336487402416 -1.611012380851 1.584904407640
 275.000000 1.488429655122 1.677594779343 -1.530373004389 1.341205726024
 276.000000 0.578178025448 1.941930849419 0.577087097008 1.746348128310
 277.000000 0.761467527885 1.664659828601 -0.077670352496 2.000000000000
 278.000000 1.336512581513 1.924260381377 -0.970354931200 1.999997401335
 279.000000 0.256102178634 1.656594990677 0.933164615804 1.996460924591
 280.000000 1.292120041234 1.900515669060 -0.905250132000 1.999319322539
 281.000000 1.080667006546 1.725596397911 -0.658709176773 1.671013639509
 282.000000 0.633748315498 1.873127272383 0.394268679368 1.973952805079
 283.000000 1.178629445021 1.753390515806 -0.827679734852 1.928670311075
 284.000000 0.561080088804 1.825384575714 0.491716299227 1.496601603767
 285.000000 1.143821198282 1.804898699242 -0.704516193587 1.526782243836
 286.000000 1.262250686156 1.793754225345 -0.954803601128 1.477931895892
 287.000000 0.454472314211 1.787599792463 0.667847253475 1.186087439871
 288.000000 0.783345659579 1.804596020990 0.022113730922 1.679424404589
 289.000000 0.919599479283 1.772447764157 -0.285717849272 1.747951460520
 290.000000 0.792134019767 1.829068967381 0.029557817201 1.946637477998
 291.000000 1.021204437078 1.788796232826 -0.473804150300 1.464650304546
 292.000000 0.695419772473 1.783719233367 0.177957868674 1.848705605776
 293.000000 1.098773972573 1.795521437541 -0.623316323497 1.708532427666
 294.000000 0.571618769838 1.777165493767 0.420877542174 1.366938459927
 295.000000 1.116064787817 1.814568646377 -0.638598011916 1.322576799125
 296.000000 0.646558224806 1.800927334785 0.294188922643 1.108764071145
 297.000000 1.082485391797 1.828567559320 -0.556485389209 1.419960256578
 298.000000 0.637422675770 1.735657826948 0.245491688559 1.156655332560
 299.000000 1.025917491719 1.924133242794 -0.344134262875 1.310439200947
 300.000000 1.077325557087 1.718433930533 -0.659336302013 1.536959897700
 301.000000 0.581172927167 1.837667431857 0.463827855581 0.857423162194
 302.000000 1.068923597420 1.776370589564 -0.582813387770 1.064087090178
 303.000000 0.632095850700 1.817447631714 0.340342703987 0.805831915345
 304.000000 0.904137689458 1.775235694244 -0.251670359183 1.036781936366
 305.000000 0.803662839685 1.814699276576 -0.008468524442 1.409290332069
 306.000000 0.765725286030 1.801174163425 0.054128400060 1.091967742275
 307.000000 0.896797932251 1.789258276929 -0.222448703529 0.960762302018
 308.000000 1.190525869247 1.791121063215 -0.812869921051 1.263252781681
 309.000000 0.710796138693 1.822534228565 0.186865167357 0.935088262206
 310.000000 0.707494487867 1.746769043321 0.115609924912 1.057583843224
 311.000000 0.982733791729 1.839962530323 -0.343606532543 0.882919327834
 312.000000 0.568493478333 1.792485951974 0.442934908742 1.162148453271
 313.000000 1.140038582760 1.817292084185 -0.684143322690 0.905458387326
 314.000000 1.376985238247 1.817466462836 -1.161794709428 0.652129169697
 315.000000 0.981669744529 1.856512221876 -0.324441820111 1.839500407937
 316.000000 0.288251511835 1.712067625277 0.925377205238 1.040010066573
 317.000000 1.079378144970 1.871140893789 -0.506438815768 1.597200481944
 318.000000 0.625380333570 1.767962841481 0.302997464564 0.879766062667
 319.000000 1.109262934513 1.794662664911 -0.645351666950 0.878869467294
 320.000000 1.235393095691 1.798565635874 -0.895694289445 0.538279759147
 321.000000 0.471713157319 1.762591759486 0.607361968899 0.836481738712
 322.000000 0.717562746325 1.821837695438 0.172503227356 1.211832731267
 323.000000 0.828325766414 1.761259930317 -0.113158756929 0.817146965360
 324.000000 0.730716255011 1.798400424821 0.121875831109 1.012917937697
 325.000000 0.928501045132 1.825561409562 -0.249049286740 0.686774486962
 326.000000 0.593999671439 1.750712632994 0.348540933036 0.869025242932
 327.000000 1.038294878613 1.892367210271 -0.401761431642 0.732570255654
 328.000000 0.908506976881 1.748534047818 -0.287940276354 0.826482806654
 329.000000 1.008819479423 1.867884867823 -0.367497340960 0.736003774276
 330.000000 1.001459848935 1.736182909999 -0.488091978600 0.692752055468
 331.000000 0.836196795609 1.863811358067 -0.023572470132 0.675433673447
 332.000000 0.962899868978 1.748717950030 -0.397440803599 0.708362106157
 333.000000 0.929001848828 1.811724574726 -0.264288376377 0.635434272415
 334.000000 0.840424298598 1.797697492629 -0.100086163528 0.637104102600
 335.000000 0.949748587382 1.739572949588 -0.380323997467 0.792804311474
 336.000000 1.023496183005 1.839914330816 -0.425858239544 0.556200688716
 337.000000 1.007934493007 1.761229685735 -0.475391912993 0.546289003010
 338.000000 1.049447953273 1.835238256972 -0.483001684624 0.535050587930
 339.000000 0.819436206971 1.795455839178 -0.060066428801 0.503736105498
 340.000000 0.736173686761 1.795920869062 0.108320419840 0.676364496094
 341.000000 0.815884195457 1.808449812484 -0.039540980657 0.574863409623
 342.000000 0.779206442469 1.801643729357 0.027424947474 0.594507164952
 343.000000 1.054176218961 1.796960831441 -0.531899518797 0.498750265091
 344.000000 0.814982684061 1.788268041750 -0.058476975800 0.462233351706
 345.000000 0.767948271999 1.807580581968 0.056233552436 0.561445317006
 346.000000 0.401727200772 1.732330311394 0.717377383162 0.454477859787
 347.000000 0.463816262653 1.831334009754 0.693978330059 1.487363124646
 348.000000 0.515933689911 1.727682009090 0.482286509741 1.344224689071
 349.000000 0.662384201581 1.824367936199 0.286379214233 0.747072495421
 350.000000 0.384272689525 1.780524980733 0.802137617833 0.647026468277
 351.000000 0.687371906267 1.765199207570 0.175142197372 1.396697646510
 352.000000 1.367202058603 1.802091381318 -1.157876802659 0.528444535926
 353.000000 1.072841982080 1.811871079445 -0.554208209773 1.696569145079
 354.000000 0.297426390586 1.755407122498 0.951443318832 0.428591815198
 355.000000 0.763194642792 1.815712808804 0.074182608572 1.391202699461
 356.000000 1.524003038288 1.797498597922 -1.478807366834 0.393855567903
 357.000000 0.747777023780 1.836149866974 0.126290569163 1.667596326673
 358.000000 0.498722528543 1.784486933790 0.575410388791 0.362285169860
 359.000000 0.497407999385 1.820489156698 0.615084310008 0.815222704326
 360.000000 0.689795041390 1.759286134303 0.164174930558 0.867570817860
 361.000000 1.429814809779 1.862964297217 -1.221543867766 0.336643880998
 362.000000 1.144635513957 1.808660963115 -0.702289418647 1.724728458730
 363.000000 1.244963182388 1.820219674869 -0.892725480164 0.492638922576
 364.000000 0.978392884584 1.806942725394 -0.368808622870 0.759601474344
 365.000000 1.037001095513 1.799520434927 -0.494631691098 0.424420459052
 366.000000 0.948887425988 1.784265896008 -0.332627207839 0.362008916127
 367.000000 1.020325762757 1.796964177084 -0.463632664837 0.403152033828
 368.000000 0.949442244604 1.780687732512 -0.337425682285 0.352933366690
 369.000000 0.798933244010 1.798754314838 -0.015327800646 0.376024564075
 370.000000 0.965562622366 1.800938676984 -0.349109180313 0.363658576773
 371.000000 0.812368948455 1.779009593390 -0.062727031132 0.353509157204
 372.000000 0.952198214879 1.826580322326 -0.295789605007 0.452208763155
 373.000000 0.837099899287 1.756264389323 -0.135990007574 0.394614732271
 374.000000 0.874980595874 1.856184854697 -0.109627293199 0.587808766679
 375.000000 0.906588044634 1.736817853510 -0.296118916249 0.521091564480
 376.000000 0.851586753679 1.822674910788 -0.096910942524 0.366192607333
 377.000000 0.916948898070 1.796747429974 -0.255383990311 0.460472691624
 378.000000 0.887663511199 1.814210537534 -0.178368323124 0.404423479426
 379.000000 0.834848567195 1.796443728709 -0.090131360236 0.494340432168
 380.000000 0.856250301661 1.776154272480 -0.154155204199 0.411521873478
 381.000000 0.896506149671 1.802034040553 -0.208722285983 0.456795485323
 382.000000 0.890888791422 1.800317310263 -0.199159630455 0.413982215204
 383.000000 0.881869218615 1.829441805263 -0.151020322332 0.402235783083
 384.000000 0.856131810006 1.766711561280 -0.163626698865 0.400439562897
 385.000000 0.850474898096 1.798745277263 -0.119276882515 0.383632806820
 386.000000 0.910403464132 1.801517294320 -0.237279247771 0.354233717161
 387.000000 0.931284067298 1.822288135644 -0.258027660548 0.318299017452
 388.000000 0.885454663928 1.771297077447 -0.218044139012 0.291873910351
 389.000000 0.864117913316 1.829777869511 -0.114877141178 0.309378529142
 390.000000 0.826225323196 1.750271386072 -0.120223077040 0.320383974029
 391.000000 0.925576812400 1.880107539861 -0.187059513813 0.311561768798
 392.000000 0.837854017611 1.733904412279 -0.160504740661 0.300961029947
 393.000000 0.893426165861 1.881319555716 -0.120977584841 0.296358365518
 394.000000 0.816522169437 1.749692038922 -0.101251303702 0.283839994992
 395.000000 0.876882317786 1.862463806230 -0.107005355358 0.269691695223
 396.000000 0.832967343707 1.771920149908 -0.111556565468 0.262910677911
 397.000000 0.876403201841 1.797935639541 -0.172396940714 0.256339199413
 398.000000 0.912528164458 1.798565804901 -0.244599130130 0.257503333632
 399.000000 0.914409285539 1.801014089402 -0.245874928906 0.241069665867
 400.000000 0.834454293712 1.779674946385 -0.106580500845 0.234095147778
 401.000000 0.817286027902 1.775815477105 -0.075927579593 0.237107443098
 402.000000 1.063292207460 1.793717016047 -0.553618767893 0.226806528838
 403.000000 1.465859712883 1.859739223073 -1.297549157587 0.301047106407
 404.000000 1.272159706799 1.758918930430 -1.010609307296 1.757075224464
 405.000000 1.290347941031 1.814321237636 -0.990314846473 1.044783674437
 406.000000 1.285435435064 1.778837054673 -1.016898493028 0.798158385750
 407.000000 1.289774422213 1.826126514975 -0.977018277934 0.791499954150
 408.000000 1.397490769516 1.814913513583 -1.205771852041 0.626926232853
 409.000000 1.502240315361 1.852313393967 -1.378551286452 1.496437741096
 410.000000 1.209191846498 1.790905933681 -0.850733281771 1.681427782487
 411.000000 1.280676596719 1.829311204049 -0.955396459439 0.573135310447
 412.000000 1.198718383980 1.776578229976 -0.844346263813 0.491068265722
 413.000000 1.226205473431 1.839442835992 -0.835130152132 0.461893480062
 414.000000 1.140867426875 1.765231441362 -0.739351538577 0.441816452160
 415.000000 1.174297244404 1.853306647560 -0.716194220852 0.394456491642
 416.000000 1.102477967849 1.762256806766 -0.664993670281 0.353163276453
 417.000000 1.128078071562 1.832425202346 -0.644461351627 0.295153192722
 418.000000 1.351692594299 1.781021848014 -1.148267082095 0.273952174873
 419.000000 1.165724844988 1.809370578285 -0.744088791733 1.177566705759
 420.000000 0.638224230862 1.796169715585 0.306102883186 0.347234782369
 421.000000 0.546496453944 1.815018172508 0.510465579590 0.510954579077
 422.000000 0.491629060664 1.774255420206 0.579193583558 0.623203667454
 423.000000 0.591180163329 1.815403439437 0.420751831709 0.694536323921
 424.000000 0.622345502378 1.761721318681 0.302699064406 0.514952416733
 425.000000 0.684368206367 1.836330688061 0.254347831360 0.466339620841
 426.000000 0.332133283591 1.756901373996 0.882989419214 0.396740998821
 427.000000 0.731548058090 1.843050063284 0.166114023502 1.276567829793
 428.000000 0.276065098566 1.703439579135 0.941079853136 0.278881603660
 429.000000 0.623305329177 1.820142758347 0.360841364651 1.261931125403
 430.000000 0.507771937205 1.746713502818 0.518316747881 0.435015299598
 431.000000 0.509460130301 1.790611358776 0.560054831085 0.513866540198
 432.000000 0.490129935926 1.778907258355 0.587000479307 0.561626515060
 433.000000 0.501614697381 1.788737335651 0.573948907731 0.584433532788
 434.000000 0.452398618053 1.756739597927 0.640293909724 0.523823527426
 435.000000 0.457440677886 1.865936702448 0.742419251182 0.650335973153
 436.000000 0.326531806217 1.704204300649 0.840094224797 0.996836525881
 437.000000 0.397992708168 1.814108660432 0.809005492951 1.136567740923
 438.000000 0.396501144456 1.778014150231 0.774895483007 0.993468289233
 439.000000 0.617362465617 1.784895892168 0.336579600571 0.836894498970
 440.000000 1.001665880817 1.798670394154 -0.424248230648 0.362087487069
 441.000000 1.497570450152 1.822431551562 -1.399863058912 0.286281471913
 442.000000 0.982507159621 1.781330376576 -0.403444094443 1.410362550535
 443.000000 0.495421561597 1.820392926367 0.618991235873 0.264566135278
 444.000000 0.315381402538 1.749021556084 0.908668311407 0.504479047612
 445.000000 0.901959703249 1.813777362895 -0.207643727176 0.947857595070
 446.000000 1.283799371040 1.814401670581 -0.977026173836 0.222833895366
 447.000000 1.358314479121 1.840750620962 -1.100198584641 0.464486997287
 448.000000 1.393278858942 1.797877557958 -1.214797028539 0.935441917835
 449.000000 1.390796341572 1.842280120047 -1.164129202303 1.275398524436
 450.000000 1.361923342279 1.811620727635 -1.137432113809 1.050351830614
 451.000000 1.281063106838 1.811937361304 -0.974042357839 0.847131423890
 452.000000 1.392156156643 1.797756562003 -1.212657394368 0.411649945996
 453.000000 1.498213763218 1.856522464237 -1.366102859019 0.922354483426
 454.000000 1.338676397957 1.776169383157 -1.127008446372 1.282986861894
 455.000000 1.361886162423 1.867851961613 -1.079531538876 0.681462100832
 456.000000 1.468249157349 1.806459083120 -1.357158581425 0.513090650386
 457.000000 1.081068595235 1.835281195189 -0.546724260569 1.115659474373
 458.000000 0.707895423697 1.748111892730 0.116182314961 0.252640673328
 459.000000 0.383829916558 1.798240544557 0.821248386997 0.211205459320
 460.000000 0.701912582445 1.830668209978 0.213144509876 0.770940644544
 461.000000 0.300283045841 1.692636358390 0.881131991220 0.260007224829
 462.000000 0.723454315597 1.855431167251 0.195168158171 0.825233448138
 463.000000 0.351638195635 1.727160848197 0.813071697701 0.226263168434
 464.000000 0.689565578995 1.853314526326 0.261332113015 0.729342103211
 465.000000 0.367208534419 1.720233061818 0.774548069386 0.255860865905
 466.000000 0.652179321267 1.831079028051 0.313859927896 0.683773037932
 467.000000 0.371649530667 1.727347543656 0.772908483510 0.273608049615
 468.000000 0.369321007460 1.822949582152 0.875916933352 0.663459777508
 469.000000 0.676170997310 1.736805228206 0.168531089768 0.750735964541
 470.000000 0.412747340107 1.851230919036 0.817425859768 0.178481038660
 471.000000 0.569163597563 1.716745044485 0.363695092459 0.636811203388
 472.000000 0.513008800732 1.838567186624 0.602214074026 0.279768872725
 473.000000 0.522127195934 1.754639168047 0.497518072834 0.454112045015
 474.000000 0.525962221204 1.831910800843 0.569246864094 0.350231710159
 475.000000 0.555755191922 1.760068121514 0.435286160858 0.392329925406
 476.000000 0.290440937967 1.778851064780 0.989638967728 0.288673219449
 477.000000 0.772904487054 1.785527857798 0.023560763281 1.114946863481
 478.000000 1.488645149046 1.828869514617 -1.375243639744 0.187905975908
 479.000000 1.251151136929 1.782630321443 -0.943859366547 1.091167323797
 480.000000 0.787710205308 1.793324113547 0.001720605073 0.328599075200
 481.000000 1.223347401413 1.808367408222 -0.861323045896 0.171878772545
 482.000000 0.879994082992 1.827260897876 -0.149481635690 0.309086929749
 483.000000 0.931611909032 1.758585070878 -0.324198074055 0.200750224074
 484.000000 1.240582270109 1.873132505472 -0.829477751936 0.187897013625
 485.000000 1.014180368659 1.755938938882 -0.493428212582 0.314460920681
 486.000000 1.051864813736 1.840803509720 -0.482152518849 0.229623610641
 487.000000 0.992401629802 1.768257846839 -0.436840637855 0.221717373910
 488.000000 1.003862363275 1.816444179089 -0.410399957571 0.210188198727
 489.000000 1.061953325447 1.769990272996 -0.575318239299 0.198284767612
 490.000000 0.838915085336 1.845690592552 -0.047688776275 0.206085798259
 491.000000 1.137480141361 1.787918278140 -0.709190587731 0.175438325664
 492.000000 1.534259013809 1.785625502224 -1.511699485717 0.254947021041
 493.000000 1.479487766009 1.914258964137 -1.268966147097 1.345017421008
 494.000000 1.336342761324 1.708915525493 -1.191463147736 0.887796400623
 495.000000 1.044252026221 1.911035706784 -0.394576900768 0.590146358600
 496.000000 0.800186563343 1.675085787377 -0.145030253535 0.188574517540
 497.000000 1.263713763312 1.927874997116 -0.819830476133 0.189445975747
 498.000000 0.989982175772 1.731176921538 -0.470093831806 0.306199654092
 499.000000 0.848860499059 1.833869769844 -0.079900855760 0.193902482432
 500.000000 0.833434581650 1.758069021639 -0.126742664533 0.175742296077
 501.000000 0.991264683974 1.819894446950 -0.381447164634 0.180159120640
 502.000000 1.222011137280 1.796421970415 -0.870912447753 0.169290594815
 503.000000 0.779611751330 1.790428333002 0.015074200326 0.286464965336
 504.000000 0.935641531025 1.776556024611 -0.313843782499 0.153779896636
 505.000000 0.901048361983 1.813079258288 -0.206523799124 0.161067741840
 506.000000 0.825922394753 1.778827888511 -0.090246001439 0.175366684838
 507.000000 0.861899707986 1.781636695495 -0.159910024390 0.165991586046
 508.000000 0.894781984644 1.836610895781 -0.169688068139 0.171891245195
 509.000000 0.833198795477 1.772393727696 -0.111536309628 0.169108912198
 510.000000 0.873513474852 1.825027157104 -0.138709805192 0.161071879783
 511.000000 0.935556035326 1.778551960104 -0.311618842754 0.161173553825
 512.000000 1.291229631314 1.821684199043 -0.984521149706 0.153598934190
 513.000000 1.482731163407 1.812422067191 -1.380231187746 0.299968959737
 514.000000 1.249243593876 1.856418925574 -0.864131798430 0.960329188174
 515.000000 0.764240873447 1.739234484829 -0.006574005464 0.281284036693
 516.000000 1.013977666584 1.856460483126 -0.389647738349 0.145476929466
 517.000000 1.082503590276 1.775849823877 -0.610734566759 0.161974812315
 518.000000 0.867585863422 1.859946863007 -0.090846273117 0.195955529689
 519.000000 1.021851296729 1.755585287808 -0.509261216741 0.149451392256
 520.000000 1.147806558177 1.883066933934 -0.632168545849 0.185193019411
 521.000000 0.921713289689 1.762514214719 -0.300195798069 0.195983647229
 522.000000 0.839033541575 1.846309538297 -0.047291162022 0.148601334170
 523.000000 1.196802498033 1.766154977842 -0.851201445066 0.141370784307
 524.000000 0.924213120324 1.811498829723 -0.254863489641 0.256139911563
 525.000000 0.352549475932 1.788173666356 0.873976751317 0.148991423021
 526.000000 0.451556413222 1.823142343684 0.710277823648 0.671056587218
 527.000000 0.520802098132 1.770852460632 0.516863287286 0.546705525663
 528.000000 0.550565715164 1.823490489698 0.510971975984 0.321559800746
 529.000000 0.449435806678 1.708915215192 0.597088385381 0.299131539589
 530.000000 0.300686163100 1.800778033132 0.991526949115 0.360669713851
 531.000000 0.282651352868 1.761887307581 0.987902836862 1.080140656965
 532.000000 0.230150814835 1.762743433096 1.094656726642 1.018105552506
 533.000000 0.725260201506 1.837591223801 0.173180605703 1.544298643631
 534.000000 0.301234214991 1.747730123927 0.935869724632 0.151912484451
 535.000000 0.326074470995 1.833696980607 0.974180771164 0.684585258000
 536.000000 0.293340122978 1.745024833684 0.949007091431 0.784326043782
 537.000000 0.688543385588 1.825573165208 0.234865554571 0.656300621290
 538.000000 0.290354359719 1.797173633753 1.008655644473 0.156744094029
 539.000000 0.396847593670 1.670844959198 0.663988993659 0.800571739577
 540.000000 0.541322286946 1.878407466594 0.586086508920 0.431662225284
 541.000000 0.550458402874 1.702788046234 0.387063579726 0.316006344860
 542.000000 0.424566039658 1.862528460557 0.805209935135 0.231758497090
 543.000000 0.417313755123 1.707742506173 0.660660308573 0.503888481209
 544.000000 0.570366802074 1.865053267419 0.513781998976 0.373507723202
 545.000000 0.397065026567 1.732116622838 0.726559456607 0.256004499701
 546.000000 0.638957106433 1.806572541556 0.315322738232 0.426992758563
 547.000000 0.443802759713 1.783650611484 0.685302506122 0.190618589393
 548.000000 0.426716539220 1.770549992300 0.706286802698 0.368466046527
 549.000000 0.531494533491 1.770264481051 0.494696086862 0.384751616392
 550.000000 0.588782398043 1.825119328644 0.435578577109 0.236525816871
 551.000000 0.602763451401 1.775580759031 0.356440972672 0.216443738279
 552.000000 0.605632704276 1.815069340008 0.391263016137 0.193400502849
 553.000000 0.571645120473 1.756839843369 0.399922445281 0.198021487405
 554.000000 0.641653904046 1.782502476565 0.285131789341 0.195766826226
 555.000000 0.416917999740 1.817730975189 0.774565444531 0.156930345887
 556.000000 0.517556500020 1.734029325918 0.485541209635 0.434976818059
 557.000000 0.625104162127 1.864491134093 0.402819623310 0.210678416141
 558.000000 0.541447754447 1.701510765281 0.403921112068 0.183662016568
 559.000000 0.703760466122 1.889471176012 0.269888283366 0.179678851583
 560.000000 0.497635954285 1.711559515279 0.502606412670 0.143883454155
 561.000000 0.424575488601 1.876643462588 0.819706094768 0.200222656359
 562.000000 0.543376164345 1.713102129818 0.411952270012 0.454820612026
 563.000000 0.965167202336 1.890451093074 -0.256261345377 0.174263396332
 564.000000 1.162931915128 1.687115499572 -0.864177983509 0.144707959749
 565.000000 1.016867633934 1.898811979621 -0.351923378291 0.247134403529
 566.000000 1.236554841427 1.745687544958 -0.952414466248 0.143671689183
 567.000000 1.608160589625 1.889940631904 -1.553457827992 0.249706913759
 568.000000 1.278260142311 1.804448769281 -0.976090772560 1.461998628435
 569.000000 1.500520138870 1.732262473792 -1.498537156577 0.263850630761
 570.000000 1.445281895252 1.892590767770 -1.222268568388 1.166700191308
 571.000000 1.378416847239 1.771723666771 -1.211721490281 0.598429914630
 572.000000 0.981103213150 1.841186966061 -0.339059126654 0.498467094962
 573.000000 0.840326809279 1.747531338934 -0.151478114545 0.137883262887
 574.000000 1.258333681873 1.789477916435 -0.951302060854 0.145234358857
 575.000000 1.062011769963 1.838021126677 -0.505476319569 0.208978174963
 576.000000 0.967008037857 1.794063539501 -0.359094103158 0.175333454645
 577.000000 0.865553317540 1.802654231381 -0.145664495648 0.132400107354
 578.000000 1.317509488123 1.834830073995 -1.023998952811 0.142575188114
 579.000000 1.541673755795 1.828933012705 -1.482116743666 0.266501572597
 580.000000 1.327247168333 1.813468027046 -1.065603866541 1.144764953977
 581.000000 1.502143367602 1.864249894831 -1.366080835126 0.315701051633
 582.000000 1.405928893107 1.820351212046 -1.217196440197 0.825398954420
 583.000000 1.462703967868 1.825910417412 -1.325973205190 0.454042063396
 584.000000 1.340397706152 1.838229736674 -1.066659672121 0.655692333441
 585.000000 1.596794690886 1.846062191768 -1.575659716852 0.271256133367
 586.000000 1.500718519001 1.846371410199 -1.381592866660 1.408123864460
 587.000000 1.488946488084 1.810569669691 -1.394670038441 0.774141886507
 588.000000 1.338148584362 1.854590784434 -1.045299110388 0.685715406923
 589.000000 1.587204560657 1.810236719412 -1.593161351901 0.233180588626
 590.000000 1.451299340678 1.851860308597 -1.276288770859 1.365349726318
 591.000000 1.555526331276 1.822193359962 -1.516982832977 0.439817446898
 592.000000 1.509007425904 1.840115906740 -1.404741289310 1.012245158915
 593.000000 1.670518083082 1.872573030409 -1.697069061364 0.599513195566
 594.000000 0.858577578703 1.773544537290 -0.161532162031 1.726008703138
 595.000000 0.098862589323 1.761622307755 1.358261911814 0.140664610412
 596.000000 0.774824832227 1.818624403340 0.053723117096 1.983976200532
 597.000000 1.522007906831 1.777564930567 -1.495282810885 0.119502807483
 598.000000 1.381788437855 1.800230160753 -1.189205939532 0.791780660143
 599.000000 0.313999617653 1.755209612315 0.917818353131 0.299964811072
 600.000000 -0.583904152335 0.733098352018 1.677454678600 0.517001321118
 601.000000 -1.707483925960 -1.548905285732 1.596578137730 1.999999966503
 602.000000 -0.340455798551 1.277868877071 1.746729315983 1.967985265910
 603.000000 -1.291247335065 -0.690791942335 1.639632283762 1.999997888954
 604.000000 -1.157174244296 -0.393302220110 1.675182833834 1.998575138897
 605.000000 -0.549785603633 0.853481933125 1.732447525980 1.994668561923
 606.000000 -1.538851549633 -1.170841593099 1.645294377273 1.945359575703
 607.000000 -0.670930792274 0.538775528677 1.653121506811 1.963468895543
 608.000000 -1.056941260130 -0.200333858484 1.671490998508 1.979679495140
 609.000000 -1.209102221963 -0.510747495808 1.659126405116 1.932434793743
 610.000000 -0.670569477596 0.566106226078 1.680498497140 1.710197295157
 611.000000 -1.390981274577 -0.884241053856 1.641823356106 1.593940209757
 612.000000 -1.044041047104 -0.154841725995 1.692258209227 1.920635686173
 613.000000 -0.854805623504 0.207187490951 1.682936876141 1.619840326562
 614.000000 -1.235891496539 -0.572620941613 1.649522331200 1.997350048974
 615.000000 -1.266227535998 -0.667093097448 1.613547720474 1.434111863368
 616.000000 -1.362561637579 -0.789804675998 1.681625824652 1.285534424842
 617.000000 -0.940018543129 0.073164736144 1.716955923161 1.410817507334
 618.000000 -0.714514086131 0.440526127115 1.639977193036 1.820510446485
 619.000000 -1.281308847215 -0.591971270841 1.721212760807 1.584950565011
 620.000000 -0.744660107218 0.396789557105 1.655793515284 1.014087520192
 621.000000 -1.152822865545 -0.371345836783 1.688986696427 1.426160405651
 622.000000 -0.805523340607 0.277675529342 1.656040009913 1.319592785044
 623.000000 -1.132083329119 -0.334270246087 1.685289810577 1.514684436569
 624.000000 -0.824368418972 0.252832752961 1.668496158816 1.176972812455
 625.000000 -0.913598169197 0.089138632184 1.680102956746 1.322445309898
 626.000000 -0.911105251320 0.051157636155 1.636017797872 1.455416972461
 627.000000 -1.049890194791 -0.154125042903 1.704790704981 1.334023774705
 628.000000 -1.036463394280 -0.170892089771 1.660471532986 1.201297893142
 629.000000 -0.885671615679 0.139281397779 1.675350285976 1.016812568259
 630.000000 -0.923068746060 0.024447358908 1.632675975202 1.051028758444
 631.000000 -0.759110639261 0.416990743521 1.705708672033 1.064662290745
 632.000000 -1.127140984400 -0.353543510481 1.655503260317 1.114664737950
 633.000000 -1.055083771630 -0.219461028375 1.648075659294 0.934285867465
 634.000000 -0.840902145112 0.289485067992 1.739529899636 0.831463628018
 635.000000 -1.048079712484 -0.200735933214 1.653207173744 1.021221536828
 636.000000 -0.594678572410 0.704570358518 1.669845692234 0.755093935207
 637.000000 -0.826945448430 0.247185100936 1.667885256997 1.535790436260
 638.000000 -1.417875503356 -0.900529163951 1.679308783187 0.906399780291
 639.000000 -1.191084372914 -0.464931766548 1.669906074757 1.487732345628
 640.000000 -0.561050489464 0.772679240601 1.672070741267 0.843434959832
 641.000000 -0.944791693116 0.020514476705 1.672438450712 1.458749589389
 642.000000 -1.446878825340 -0.993705058869 1.641979606138 0.923895246257
 643.000000 -1.124480372688 -0.332320933323 1.671962140576 1.584323762338
 644.000000 -0.723541919083 0.465680282969 1.684050245767 0.697235790311
 645.000000 -0.947686347302 0.054040082983 1.712752041425 0.938627747402
 646.000000 -1.227996549843 -0.588699047260 1.617067266211 0.751187051285
 647.000000 -1.362450265479 -0.750089033012 1.722242958080 0.761052650381
 648.000000 -0.704899980019 0.451110486497 1.631473686044 1.020756476136
 649.000000 -0.771226471220 0.411244233216 1.724232222479 0.861612493103
 650.000000 -1.407200651335 -0.970659803170 1.585662590429 0.766314831056
 651.000000 -1.226375164272 -0.490661606703 1.714614716643 1.370540907570
 652.000000 -0.476333175400 0.930883541524 1.663918323334 0.650566534455
 653.000000 -0.893299436430 0.107758590158 1.658316084999 1.628965920945
 654.000000 -1.616479411211 -1.259734726072 1.710426478986 0.658118640349
 655.000000 -1.001788924123 -0.117599799019 1.645349723050 1.678815086153
 656.000000 -0.471945525608 1.015239057580 1.741817420001 0.713232432747
 657.000000 -1.041964399813 -0.191965323469 1.649894217767 1.767625130326
 658.000000 -1.601533202171 -1.278783930255 1.660696376647 0.536284097770
 659.000000 -0.850399725896 0.220217462391 1.687451286395 1.594859257104
 660.000000 -0.524809982166 0.826586856666 1.654423605900 0.636532317862
 661.000000 -1.326728798822 -0.680174331322 1.722103474710 1.294954499133
 662.000000 -1.243431768323 -0.614767207854 1.621386904510 0.773582766831
 663.000000 -0.926525484531 0.112516837722 1.730213467789 0.584632085246
 664.000000 -0.513375466787 0.808516475536 1.612781821834 0.490891987913
 665.000000 -1.081838456746 -0.174749324345 1.748009064642 1.204713331851
 666.000000 -1.516823488594 -1.187472743089 1.583769505096 0.447071061551
 667.000000 -0.945442752793 0.076362904689 1.731183326315 1.393663492373
 668.000000 -0.429367892574 0.998184494798 1.638416508619 0.474618517567
 669.000000 -1.123819307747 -0.302053693895 1.701754453212 1.554741210567
 670.000000 -1.386990244074 -0.874235865077 1.644063848080 0.464563032081
 671.000000 -1.204421975639 -0.451410383095 1.710707678984 1.085947959387
 672.000000 -1.481508760803 -1.087120230273 1.615751093958 0.497004747068
 673.000000 -1.428250724727 -0.893473009585 1.707487855875 1.372720839547
 674.000000 -1.366832583493 -0.840415296109 1.638193069459 1.055053441519
 675.000000 -1.451934611272 -0.946251421450 1.700974314711 0.853902197687
 676.000000 -1.090392267708 -0.261075406207 1.676485081766 0.934190824854
 677.000000 -1.552994991650 -1.181018306161 1.663351025723 0.354740317362
 678.000000 -1.115753985842 -0.263542716901 1.725092691636 1.280222816144
 679.000000 -0.522669693668 0.822823241267 1.646237135410 0.320919901805
 680.000000 -0.815717202831 0.270655352513 1.669377903381 1.130079995731
 681.000000 -0.710640089918 0.511925380397 1.705588511632 0.560293186868
 682.000000 -0.710993371630 0.435605614594 1.627817232241 0.778571461511
 683.000000 -0.597016252040 0.712833053901 1.683056870620 0.633653124654
 684.000000 -0.665538000137 0.569862421748 1.674214630675 1.170379998335
 685.000000 -0.705846376671 0.493706033083 1.677185493687 0.842351738571
 686.000000 -0.786342862701 0.340792297144 1.682266689120 0.584241663515
 687.000000 -0.927478602673 0.049701507353 1.667539164997 0.524447452266
 688.000000 -0.762326933425 0.361028406730 1.654645630306 0.422570546782
 689.000000 -0.873720434234 0.191414431034 1.704860524999 0.494026944618
 690.000000 -0.768469827231 0.315181295218 1.619886449181 0.387572300082
 691.000000 -0.810956101227 0.360010764138 1.751665551786 0.450076338433
 692.000000 -0.867564077218 0.118736252754 1.617706635940 0.447532247987
 693.000000 -1.018336319835 -0.064763293686 1.733054102109 0.344594706331
 694.000000 -1.390790043800 -0.932025936477 1.592297956082 0.461506450456
 695.000000 -1.343464407235 -0.708942509115 1.726268929091 0.812167210882
 696.000000 -1.208274054789 -0.553702292605 1.613283584794 0.621827799557
 697.000000 -1.483208444622 -0.990471613781 1.718567667804 0.461598302839
 698.000000 -1.262573180113 -0.682549459566 1.590283676269 0.930511194118
 699.000000 -1.193826877808 -0.424039728661 1.717488135771 0.521541784282
 700.000000 -1.170068048286 -0.442433479493 1.650660388943 0.388838167170
 701.000000 -1.231621495665 -0.514309412277 1.700876250654 0.376209578895
 702.000000 -1.188148580372 -0.519413957544 1.607958742337 0.384400995967
 703.000000 -1.613133481082 -1.200231089208 1.764869803618 0.369874436958
 704.000000 -1.350155849652 -0.801121638659 1.644970258481 1.243322968756
 705.000000 -1.447071165503 -0.953778093224 1.683426525391 0.613609481579
 706.000000 -1.442676458723 -0.972228608875 1.655590427952 0.746464325065
 707.000000 -1.500015357066 -1.094312560739 1.645675555346 0.748545742908
 708.000000 -1.472271415434 -1.011765936478 1.674613770735 1.049090585765
 709.000000 -1.591000503258 -1.249315618108 1.669759802235 0.766006014600
 710.000000 -1.106897241878 -0.316655887131 1.652612904087 1.238802179989
 711.000000 -0.660875141151 0.589524660414 1.685031164711 0.289801221047
 712.000000 -0.657855973674 0.601981297350 1.691752488194 0.743893132444
 713.000000 -0.940182648124 -0.004984672017 1.636921627257 0.761937764768
 714.000000 -0.444162361932 1.075732362554 1.747997927102 0.431482170767
 715.000000 -0.908380001126 0.033322965607 1.612181661949 1.664376074484
 716.000000 -1.596767257780 -1.211329886197 1.720451906678 0.357543652816
 717.000000 -1.563820449414 -1.219689031420 1.645414647129 1.046488583419
 718.000000 -0.999752205083 -0.042353094234 1.718622667442 1.019234877328
 719.000000 -0.369312645604 1.129567976452 1.652416751609 0.363186176203
 720.000000 -1.072245410617 -0.192675285448 1.710229334076 1.649348298292
 721.000000 -0.585676772946 0.646307928684 1.591778123107 0.246256302138
 722.000000 -0.763916718113 0.447398132817 1.746670244711 0.837956068841
 723.000000 -0.927071829652 0.006128002801 1.621909884980 0.431931040722
 724.000000 -0.463898690587 1.012815917432 1.723098188664 0.284970039048
 725.000000 -0.857357835448 0.157500383556 1.636987790115 1.419945224873
 726.000000 -0.490185951305 0.967036979753 1.729032591893 0.286112583976
 727.000000 -0.681930314678 0.465444253772 1.599892845574 1.278046715128
 728.000000 -0.761903495196 0.496834056079 1.793447959167 0.400776198782
 729.000000 -0.541111565774 0.745930562248 1.604354461774 0.373705263443
 730.000000 -0.454015767404 1.038120645470 1.729190326074 0.971504092375
 731.000000 -0.552788241026 0.780907345781 1.663870351040 1.391079770221
 732.000000 -0.698682915619 0.536886742886 1.707144577257 0.946456939843
 733.000000 -0.707003005466 0.466807990471 1.651857269668 0.417423890702
 734.000000 -0.562662768585 0.837679061468 1.742164897280 0.307248795539
 735.000000 -0.450312894248 0.968438096645 1.650064741482 0.857587256958
 736.000000 -0.807059601415 0.305671725917 1.687928052210 1.091642566620
 737.000000 -1.423028303347 -0.972963038230 1.615212366005 0.344629684235
 738.000000 -1.657145712351 -1.349458261315 1.700167313574 0.589923493418
 739.000000 -1.017843462295 -0.122833200670 1.672343793517 1.402165738784
 740.000000 -0.326425507698 1.205670168316 1.644189780485 0.253513208713
 741.000000 -1.098862174356 -0.245821473213 1.709252079908 1.515998932411
 742.000000 -1.674185437526 -1.436667100699 1.644848384610 0.185088970822
 743.000000 -1.168928703717 -0.344204252606 1.749377155751 1.529241028220
 744.000000 -1.570490074814 -1.272609747154 1.604443514957 0.222267977871
 745.000000 -1.288467728052 -0.647472950634 1.678574125649 1.000691359864
 746.000000 -1.433954997069 -0.987041864574 1.622769311775 0.399708170575
 747.000000 -1.436947634807 -0.926297476308 1.691271032916 0.592005960868
 748.000000 -1.143874991878 -0.447450178172 1.592680079270 0.494636764059
 749.000000 -1.636571135581 -1.300385112310 1.709140821663 0.277175488308
 750.000000 -1.172116610212 -0.419257250051 1.678624915483 1.079800151406
 751.000000 -1.548177217324 -1.178269366151 1.656462301598 0.240208358753
 752.000000 -1.200203783458 -0.461215406800 1.692118167538 0.805404159352
 753.000000 -1.258162215354 -0.650541579336 1.614303870700 0.244063154515
 754.000000 -1.437078285116 -0.952958457757 1.664117585720 0.348497887106
 755.000000 -1.386551526994 -0.864757268935 1.652926473047 0.484856053504
 756.000000 -1.335642228098 -0.756755546290 1.661325874232 0.444531511514
 757.000000 -1.220813162932 -0.489761440073 1.704323978553 0.425671651329
 758.000000 -1.333077195497 -0.799979988079 1.611703170726 0.240507248999
 759.000000 -1.406656581797 -0.843821141152 1.715000417535 0.418597852720
 760.000000 -1.176583068858 -0.513721006828 1.590489899385 0.404673301698
 761.000000 -1.286600952828 -0.605461168363 1.718012526206 0.243909922601
 762.000000 -1.335438010190 -0.819310375566 1.596585554876 0.285400804928
 763.000000 -1.393140759641 -0.789378326679 1.743730647187 0.387999949306
 764.000000 -1.218121737585 -0.607816091003 1.577494466976 0.377028638844
 765.000000 -1.343473855760 -0.670357799133 1.765966712340 0.275859666662
 766.000000 -1.274229058134 -0.700607920557 1.595218635660 0.299331811979
 767.000000 -1.340033440241 -0.704659515766 1.723754413961 0.309352986526
 768.000000 -1.503877039774 -1.164784714022 1.580992791837 0.302085584496
 769.000000 -1.313748657871 -0.629879759260 1.747648107891 0.768698148708
 770.000000 -1.203938069759 -0.559256508596 1.598827864091 0.254686594159
 771.000000 -1.591178699250 -1.241497823629 1.678158613205 0.218143880485
 772.000000 -1.556319499815 -1.234652981018 1.614899869972 0.836490377829
 773.000000 -1.147495493260 -0.363578992605 1.686230488582 0.798775149486
 774.000000 -0.405859662233 1.028752344780 1.622443967668 0.159326677325
 775.000000 -0.834410308884 0.290304947050 1.727281476460 1.117832863078
 776.000000 -1.561620155854 -1.239270849432 1.620840462246 0.302044239075
 777.000000 -1.388265851940 -0.865022996522 1.656110348335 0.737242587323
 778.000000 -0.499431458624 0.927349229613 1.706864196701 0.349842213833
 779.000000 -0.796013665105 0.324563756968 1.685080316642 0.909615033695
 780.000000 -0.853692727497 0.182903128282 1.655719676720 0.273104506609
 781.000000 -0.851079274988 0.219284879591 1.687862651836 0.222680817138
 782.000000 -0.911714210548 0.034452072192 1.620066607073 0.224265336772
 783.000000 -1.027322100546 -0.088064521732 1.727213078351 0.221930387327
 784.000000 -0.962648212601 -0.077686859735 1.607462508237 0.225670768814
 785.000000 -0.976014499092 -0.011378995183 1.702605129673 0.227319419400
 786.000000 -0.962858276196 -0.013043534075 1.674362329084 0.229941337296
 787.000000 -0.917035317675 0.051426744128 1.648253210079 0.224728314717
 788.000000 -0.994669992423 -0.046366998190 1.704246076815 0.196300919799
 789.000000 -0.996815425377 -0.072648831741 1.681545573173 0.219283829965
 790.000000 -0.958697375523 0.000468915116 1.679866962161 0.208372447174
 791.000000 -1.021956743955 -0.112551709120 1.691211718069 0.202238836281
 792.000000 -0.687429653135 0.491294150735 1.637565743427 0.178404624563
 793.000000 -0.508057136397 0.908032951696 1.704394921353 0.285876740922
 794.000000 -0.497071253326 0.902065686828 1.676104141297 0.847416995020
 795.000000 -0.616692171608 0.701533052980 1.711115271441 0.813297055529
 796.000000 -0.642874243759 0.609339283253 1.669106685420 0.739207630404
 797.000000 -0.546249678069 0.814380394267 1.685106705463 0.510805816695
 798.000000 -0.508399279041 0.919127330977 1.716493838065 0.662228725187
 799.000000 -0.538895666654 0.792528474843 1.647804977140 0.731500240327
 800.000000 -1.163000004583 -0.362507667042 1.718598854968 0.603560668529
 801.000000 -1.695289585293 -1.530100572333 1.591324716710 0.145154228400
 802.000000 -1.279319668245 -0.597518936905 1.711496385298 1.506091798608
 803.000000 -1.281338486191 -0.717040747571 1.592656872398 0.216744362160
 804.000000 -1.454028963941 -0.939285823094 1.712360921229 0.251207453076
 805.000000 -1.449840722885 -1.007545866206 1.633719374375 0.374431663959
 806.000000 -1.529530810536 -1.127338011638 1.671235083012 0.493069160144
 807.000000 -1.543982652780 -1.134986936726 1.692513116788 0.657998026319
 808.000000 -1.163090162556 -0.478934923816 1.599052269059 0.624896507144
 809.000000 -1.374000892470 -0.755204154133 1.740275997846 0.166120028111
 810.000000 -1.395292870717 -1.006657624752 1.524630661846 0.272816180426
 811.000000 -1.576285721843 -1.104125643650 1.789392367517 0.437731316396
 812.000000 -1.412212203639 -1.007589865480 1.557791807052 0.564680544099
 813.000000 -1.540160976859 -1.049947586806 1.772256789203 0.416515858121
 814.000000 -1.478626979422 -1.089276447967 1.607722289513 0.459514660157
 815.000000 -1.513418304840 -1.065599033200 1.702231833074 0.480969038891
 816.000000 -1.449249255688 -1.066865800344 1.571524737807 0.436259606714
 817.000000 -1.519721961939 -1.035356108847 1.746044319728 0.410940912431
 818.000000 -1.463380361732 -1.054131666454 1.613116963503 0.363696477387
 819.000000 -1.550703810731 -1.131645177975 1.709503629733 0.364351635668
 820.000000 -1.232424595272 -0.595254452077 1.619255664164 0.427013647815
 821.000000 -0.820711364617 0.331592543455 1.742114201763 0.173771241082
 822.000000 -0.381994121183 1.077673786141 1.624624851348 0.239888748641
 823.000000 -0.646383848104 0.621494078074 1.688683642239 1.149595105113
 824.000000 -1.000895399145 -0.075823168246 1.686508977918 0.486043777889
 825.000000 -0.711702294611 0.480081752410 1.674984059331 0.194287611535
 826.000000 -0.352166568035 1.185967552538 1.675838388662 0.245247237921
 827.000000 -0.829225884573 0.279285055476 1.705494130783 1.421969201193
 828.000000 -0.777235988608 0.336991411927 1.659992955482 0.225560263301
 829.000000 -0.421187027698 1.080089858181 1.706146518805 0.204447835527
 830.000000 -0.626574397242 0.591390930968 1.617778879534 1.111081815622
 831.000000 -0.434805143552 1.109412116812 1.763762699061 0.367424821750
 832.000000 -0.647416990657 0.524122489646 1.590634662295 1.183117731767
 833.000000 -0.403160663327 1.147734576889 1.739356938318 0.242367861374
 834.000000 -0.629609865727 0.656881001727 1.691247214038 1.242984412554
 835.000000 -0.416551953321 1.050365661365 1.666232360212 0.416483984555
 836.000000 -0.595893494117 0.732779964510 1.701305176926 0.936625840788
 837.000000 -0.415165447506 1.084717022095 1.698761657517 0.460857128180
 838.000000 -0.544472562327 0.719675698157 1.584133018782 0.992377284131
 839.000000 -0.406377830176 1.172017459122 1.770816124178 0.404891551283
 840.000000 -0.802839003901 0.248117950726 1.620231084972 1.195540107558
 841.000000 -1.375246153543 -0.782600494089 1.714614085290 0.184956708850
 842.000000 -1.130422635715 -0.411893974820 1.602116179153 0.277064636552
 843.000000 -0.701441262549 0.589279179335 1.766585062980 0.138777902303
 844.000000 -0.341021364279 1.111041325504 1.576312116025 0.238304943750
 845.000000 -1.042691545561 -0.071743350902 1.774991302464 0.983171957481
 846.000000 -0.886018110824 0.077321278873 1.612332116663 0.185408926247
 847.000000 -0.816889083661 0.322905342983 1.725472609374 0.161648319834
 848.000000 -0.747393720277 0.349053810197 1.612216934645 0.173825514893
 849.000000 -1.062033931005 -0.142423070410 1.741313739436 0.176549520905
 850.000000 -0.949872880586 -0.024800963790 1.636084960146 0.135584530091
 851.000000 -0.973818959250 -0.023230149845 1.685990387465 0.169219285332
 852.000000 -0.976338984795 -0.043741435324 1.669979458146 0.166630073493
 853.000000 -0.961857439811 -0.030621186448 1.654267981363 0.162961305805
 854.000000 -0.974862648695 -0.003128169926 1.708767054972 0.160661353763
 855.000000 -0.873456784902 0.120069750340 1.630961279001 0.156621768761
 856.000000 -0.926012039267 0.119745025843 1.736611179202 0.153338732458
 857.000000 -0.949517628384 0.027425868346 1.689076208385 0.150646582328
 858.000000 -0.775251882001 0.341005286703 1.660119454868 0.147731294148
 859.000000 -0.985176381319 -0.050813370613 1.680528653500 0.170972914968
 860.000000 -0.822944309988 0.262178894275 1.675235415073 0.150862200759
 861.000000 -0.405756016187 1.076088316474 1.670913074799 0.153583274536
 862.000000 -0.615275587777 0.612233236374 1.616426767447 0.871679787984
 863.000000 -1.075735282523 -0.172194835650 1.738328216198 0.256454541605
 864.000000 -0.721077951303 0.427481520974 1.639799527721 0.117224868715
 865.000000 -0.976016900709 -0.043772740215 1.669297745326 0.173828815026
 866.000000 -0.849624004922 0.222597688687 1.688334668620 0.146555054027
 867.000000 -0.790961957846 0.310865587131 1.660806393103 0.149072075751
 868.000000 -0.786724590185 0.362545500741 1.705406474702 0.156132520543
 869.000000 -0.957969461012 -0.001397263342 1.676479945691 0.164833126958
 870.000000 -0.815968442033 0.253009934537 1.651738825861 0.142559719949
 871.000000 -1.002068732686 -0.055978097966 1.709282893965 0.144032360450
 872.000000 -0.971637637618 -0.082105775454 1.621046529354 0.140401875209
 873.000000 -0.856517573117 0.216229491379 1.695687597816 0.134118119053
 874.000000 -0.964567855575 -0.089119105159 1.599577301491 0.141870156550
 875.000000 -0.925436609219 0.154044592706 1.770722843465 0.130519523379
 876.000000 -0.946263024605 -0.070360247823 1.581954204147 0.140229045502
 877.000000 -0.856080833210 0.230031155929 1.708999853367 0.132026940330
 878.000000 -0.968459558857 -0.061126012713 1.636212177541 0.137900364994
 879.000000 -1.009942897099 -0.057819533089 1.723268423029 0.131214548914
 880.000000 -0.949864583836 -0.067998434890 1.591645949637 0.129589320312
 881.000000 -0.852389786626 0.258790224463 1.731130919676 0.126511279722
 882.000000 -0.915123958526 0.021532908573 1.613657293936 0.136945891806
 883.000000 -0.967224342104 0.029424425478 1.726839096098 0.127169695686
 884.000000 -0.869941827915 0.127219819118 1.631225755821 0.125134276521
 885.000000 -1.137945163133 -0.307460117272 1.724681181197 0.130916187342
 886.000000 -1.579836162492 -1.245234553901 1.651442377676 0.115253719098
 887.000000 -1.467071263815 -0.964151971396 1.713091052407 0.614403894376
 888.000000 -0.673798089789 0.487253593781 1.605920976133 0.279566121913
 889.000000 -0.347682900549 1.234265505201 1.716463925744 0.167991303133
 890.000000 -0.596554867440 0.695572149886 1.664376120010 1.272663659632
 891.000000 -0.484522438410 0.930486064395 1.680024185200 0.316543078083
 892.000000 -0.848167383947 0.243926121114 1.707330394009 0.601319245735
 893.000000 -1.255007672266 -0.636753579067 1.622121305796 0.132698161933
 894.000000 -1.600497959692 -1.272328983893 1.665246656781 0.177766111913
 895.000000 -1.465751187460 -0.995997128001 1.677680879123 0.705395771667
 896.000000 -1.120581201137 -0.303453441384 1.693784996102 0.277089369312
 897.000000 -1.420723290298 -0.943979534465 1.640369330230 0.112968701533
 898.000000 -1.187910690153 -0.447888574432 1.681032401034 0.238499764652
 899.000000 -1.358837542643 -0.862630727903 1.599224810838 0.139049239353
 900.000000 -1.395530767401 -0.796029930794 1.741710176344 0.253201434483
 901.000000 -1.189810857018 -0.545708184638 1.584271152409 0.263046141808
 902.000000 -1.271542477276 -0.531071181915 1.764144562492 0.151805424197
 903.000000 -1.377346830960 -0.909136827151 1.588726241565 0.145646075139
 904.000000 -1.412019571813 -0.885791403334 1.682655241327 0.231056860748
 905.000000 -1.139432192227 -0.414116552808 1.617999409818 0.233485613494
 906.000000 -1.374952919379 -0.836531974980 1.658562106418 0.125344519067
 907.000000 -1.166451024288 -0.441357144771 1.644473088796 0.243100617754
 908.000000 -1.376308988237 -0.783326504400 1.716010820667 0.127085121396
 909.000000 -1.237654018899 -0.573189203682 1.652492289770 0.244452326565
 910.000000 -1.224983896237 -0.489282890327 1.713226869627 0.145963016076
 911.000000 -0.815994110541 0.232396557277 1.630592746688 0.129616101673
 912.000000 -0.308851719457 1.318230007427 1.724501502977 0.123878970606
 913.000000 -0.701422970181 0.444445310033 1.617607729209 1.495802441075
 914.000000 -1.326398084108 -0.724118636545 1.676246260942 0.158785187589
 915.000000 -1.660077177667 -1.392125127437 1.662202327509 0.214433136225
 916.000000 -1.089051485509 -0.281284326295 1.652999319572 1.277234421812
 917.000000 -0.518014309746 0.888819779446 1.704716792027 0.103404404416
 918.000000 -0.500628206162 0.854505628888 1.634368592246 0.513533529487
 919.000000 -0.420277034499 1.078146202650 1.702312645481 0.454272420497
 920.000000 -0.567630856034 0.734149182482 1.645718294173 0.840765903855
 921.000000 -0.436544588177 1.038658120062 1.694510358880 0.299285350820
 922.000000 -0.488679300035 0.891955970669 1.648784419644 0.716917446235
 923.000000 -0.643939830715 0.657062607157 1.720332023053 0.464068825645
 924.000000 -0.546655651529 0.813855657710 1.685385783763 0.218628687375
 925.000000 -0.360540752846 1.160433492012 1.666467868535 0.325615320735
 926.000000 -0.631648734635 0.683472750740 1.722704555651 0.997464818841
 927.000000 -0.478404597288 0.851026597008 1.585974404226 0.221584684941
 928.000000 -0.435075480063 1.081972619130 1.736090355421 0.352027454352
 929.000000 -0.680871800784 0.482082027870 1.614867744726 0.752327109776
 930.000000 -0.963923343584 -0.002053803709 1.687811492197 0.132599211677
 931.000000 -1.023475097961 -0.094789160039 1.712539839958 0.122444939921
 932.000000 -0.852384561540 0.170354737042 1.640177422170 0.113537470223
 933.000000 -0.963980970708 0.008802402103 1.699091723441 0.123120204210
 934.000000 -1.034207502820 -0.109234600625 1.719327970345 0.118855611278
 935.000000 -0.864545062169 0.110158211120 1.602797177319 0.107844161539
 936.000000 -0.932948983062 0.120792226422 1.751677232218 0.119370198453
 937.000000 -0.993642124458 -0.137287591496 1.608674732225 0.118619174084
 938.000000 -0.860348239969 0.272403671163 1.761179512122 0.099750262440
 939.000000 -0.968217048527 -0.113861779788 1.581492105949 0.117584337500
 940.000000 -0.799985811670 0.366926414876 1.736654411781 0.103890355253
 941.000000 -0.990214394192 -0.078522688950 1.662193417123 0.125683376774
 942.000000 -0.721118771671 0.432333766762 1.644871671678 0.109698622699
 943.000000 -1.014142976343 -0.121690322558 1.666056612695 0.122231250913
 944.000000 -0.799147589366 0.321214439178 1.687955958990 0.099439715231
 945.000000 -0.915415671827 0.061835530796 1.655690918603 0.119513328422
 946.000000 -0.868406330860 0.201551609119 1.704568617106 0.112308133379
 947.000000 -0.800768071660 0.297770813275 1.667115512130 0.114843374560
 948.000000 -1.057948623558 -0.248419969785 1.624072934590 0.114791227377
 949.000000 -1.782946222144 -1.563208409435 1.734048034796 0.085625108406
 950.000000 -1.250132418514 -0.549512633345 1.702004334180 1.539610912726
 951.000000 -0.541380137378 0.758938830016 1.618273168161 0.135072277507
 952.000000 -0.387104660338 1.134883331785 1.693762500512 0.243274478647
 953.000000 -0.645835928777 0.583664962066 1.648676987346 0.859529316055
 954.000000 -0.292595389521 1.289969184651 1.662656586216 0.145267947623
 955.000000 -0.657511194678 0.600493576196 1.689527297377 1.340319443087
 956.000000 -0.242236445747 1.345178401117 1.617876474077 0.138959122076
 957.000000 -0.545454109697 0.852665446908 1.722872924026 1.529136989134
 958.000000 -0.421257098101 1.114024156383 1.741184285027 0.338255028974
 959.000000 -0.526939301912 0.835227012555 1.667602765060 0.773612067225
 960.000000 -0.395577408417 1.131512536625 1.707382420664 0.265424858676
 961.000000 -0.344509573297 1.267370065045 1.744107735841 0.789123023926
 962.000000 -0.458144978816 0.901704378942 1.597233192854 1.197861301447
 963.000000 -0.316477958406 1.277539734165 1.698036714920 0.330570055938
 964.000000 -0.639629817999 0.652505098220 1.706953645950 1.132266112949
 965.000000 -1.355338987522 -0.741418734837 1.716818365567 0.138211722439
 966.000000 -1.745585557251 -1.550520616572 1.671753412700 0.214975053649
 967.000000 -0.999296113999 -0.097515461141 1.660976482311 1.493469344900
 968.000000 -0.355360662100 1.201541469729 1.698295149143 0.102487065094
 969.000000 -0.492782292783 0.962328360121 1.729426292459 0.882438170305
 970.000000 -0.211489721155 1.410438463447 1.622982525708 0.391440650914
 971.000000 -0.495430396853 0.874185373652 1.644124338699 1.658144917348
 972.000000 -0.287869924803 1.329728631946 1.694013907262 0.235790217748
 973.000000 -0.315408931413 1.304021719934 1.723113744651 1.246846551884
 974.000000 -0.415256965710 1.077619946706 1.691647910985 1.121743697761
 975.000000 -1.228109193210 -0.546430141079 1.660761810742 0.560827556671
 976.000000 -1.798885256110 -1.819329209102 1.502808194004 0.113251563281
 977.000000 -0.558808299459 -0.496639756376 0.362240217995 1.847180431080
 978.000000 0.711209907384 0.594652276564 -1.076666191550 0.238983610313
 979.000000 0.391875612572 0.451780408763 -0.579613961884 0.260118860942
 980.000000 0.230966688737 0.086306363574 -0.630958838348 0.287949438171
 981.000000 0.733842554004 0.803808454602 -0.907221047731 0.296708230513
 982.000000 -0.012596485684 -0.135430369654 -0.367808932107 0.250418226190
 983.000000 0.236526158490 0.259971369295 -0.463581110062 0.189351879952
 984.000000 0.622465408461 0.540939298978 -0.952938444467 0.288282406040
 985.000000 0.130206415979 0.140339463804 -0.372198797089 0.263088230003
 986.000000 0.585442805828 0.541029530102 -0.878185236336 0.239344128375
 987.000000 0.341160306921 0.300255391177 -0.633161914486 0.258561516253
 988.000000 0.169243340631 0.134950955022 -0.456462625147 0.280241501669
 989.000000 0.693710744672 0.632332662866 -1.002628313806 0.249865431028
 990.000000 0.209391986880 0.195058860656 -0.475614890179 0.238824687735
 991.000000 0.416456680173 0.366075217539 -0.717319816827 0.258304585952
 992.000000 0.245217353371 0.223670226876 -0.518438337511 0.262556620669
 993.000000 0.370191972449 0.364408984982 -0.625735086184 0.259925799510
 994.000000 0.390654513179 0.308229980952 -0.724772085065 0.255785232887
 995.000000 0.260227088632 0.275177939978 -0.495739081122 0.247675493292
 996.000000 0.406564569171 0.340129345584 -0.724052748641 0.247886360335
 997.000000 0.443848031765 0.437870347371 -0.698726901340 0.238117867557
 998.000000 0.519992758965 0.503616276428 -0.784671601444 0.233299637750
 999.000000 0.468257400318 0.401458427218 -0.785395587438 0.234914693955
 1000.000000 0.150415468678 0.169338061927 -0.383131905489 0.224017383016
