-2.055131756180000047e-01 -2.196826391970000125e-01 -6.541094284800000325e-02
-6.549651628699999506e-01 -7.226855238370000212e-01 3.236968053420000158e-01
-8.863575410580000202e-01 -9.405046451430000287e-01 5.663315648190000440e-01
-8.313599220000000498e-03 -7.334076382500000213e-02 -3.125957990239999762e-01
1.030662334534999891e+00 1.037499039547999935e+00 -1.265476356209999986e+00
5.026026279999999810e-04 -7.407329357200000131e-02 -3.311280033080000185e-01
-1.229465728567000093e+00 -1.239233500452999959e+00 9.510505268469999773e-01
-4.503945919599999792e-01 -5.161655195030000476e-01 1.235318760280000039e-01
9.587762223560000185e-01 9.544447740160000304e-01 -1.205918744379999907e+00
4.890402933460000212e-01 4.354884657070000054e-01 -7.923118118319999459e-01
-6.749041522630000456e-01 -6.839351834469999947e-01 4.037551708689999796e-01
-1.010563933930999969e+00 -1.049019957202999898e+00 7.052161951850000055e-01
-3.843216586699999687e-02 -7.904802705900000614e-02 -2.577272636260000138e-01
9.443580906920000517e-01 9.008641742240000028e-01 -1.231942699471000102e+00
-7.031857754600000232e-02 -9.690878888499999955e-02 -2.117917566829999876e-01
-9.792991960169999954e-01 -1.013020412376999912e+00 6.791874508440000069e-01
-8.134538371030000103e-01 -8.437621925839999815e-01 5.187981576200000333e-01
-1.574191732200000138e-01 -1.859918000369999991e-01 -1.277520380380000042e-01
-5.005250316749999540e-01 -5.512210761210000198e-01 1.885762735690000025e-01
-4.257954721389999864e-01 -4.461548131790000205e-01 1.459206357189999914e-01
-8.341117219520000070e-01 -8.949214621019999649e-01 5.078473802949999838e-01
-7.537233827699999500e-01 -7.747359819600000419e-01 4.693280527900000054e-01
-1.360473530190000058e-01 -2.108969273309999892e-01 -1.964620987859999890e-01
-6.806828541210000472e-01 -6.903732305149999915e-01 4.087880111339999845e-01
-5.609267284100000195e-02 -1.284322575559999902e-01 -2.728972368970000173e-01
9.305544670290000209e-01 9.296304475900000197e-01 -1.174524170473000062e+00
9.863205057399999920e-02 4.617555941300000022e-02 -4.053591868520000085e-01
7.953922218910000064e-01 7.846218085639999895e-01 -1.051073827316000076e+00
1.591338554839999975e-01 1.191642492829999983e-01 -4.523099803660000084e-01
8.059382393689999979e-01 7.645669230630000035e-01 -1.092964623607000085e+00
9.221777588200000264e-02 7.160185492399999407e-02 -3.662768249350000227e-01
7.150858630590000153e-01 6.913514979999999532e-01 -9.850415086329999959e-01
3.627359117119999810e-01 2.913480313180000225e-01 -6.858315674510000459e-01
5.244110532779999723e-01 5.176686318409999821e-01 -7.791308182599999688e-01
3.852005667519999843e-01 3.355611791399999988e-01 -6.856674239700000228e-01
5.933469418660000105e-01 5.804893472609999883e-01 -8.535462044210000432e-01
2.598176338500000071e-01 2.058901164820000074e-01 -5.661657570579999854e-01
7.656718127139999774e-01 7.606069973610000146e-01 -1.015834857787000001e+00
4.280459254900000066e-02 -2.363781827400000118e-02 -3.645694178109999961e-01
8.093313844820000380e-01 8.484996924359999859e-01 -1.013494724774999911e+00
2.743951186440000134e-01 1.674929963660000132e-01 -6.350487846200000286e-01
5.266237289080000217e-01 5.737496855639999671e-01 -7.259217791009999754e-01
8.271456012200000263e-01 7.434502636659999775e-01 -1.157447149840000078e+00
8.760668507000000244e-03 3.366534716399999932e-02 -2.369879317030000043e-01
5.130780004649999615e-01 4.235745790050000070e-01 -8.530383557880000245e-01
1.233097541563000110e+00 1.258912027383999988e+00 -1.446019819258999917e+00
6.244179215399999761e-01 5.340227429720000307e-01 -9.639885819439999448e-01
-5.157424326499999712e-01 -4.969127925929999745e-01 2.751120708629999911e-01
-1.239175449967000020e+00 -1.350537033681999954e+00 8.561719184099999547e-01
-5.711106842240000203e-01 -5.513487538400000387e-01 3.307892193179999829e-01
-2.766349216530000210e-01 -3.726473142919999870e-01 -7.928739314900000446e-02
-1.138512575583999986e+00 -1.163688449179999918e+00 8.453198636259999788e-01
-7.504196979289999847e-01 -8.042356327509999625e-01 4.323297100190000020e-01
1.804343384140000006e-01 1.476026662809999945e-01 -4.660201501149999759e-01
7.798277144809999673e-01 7.674866931720000229e-01 -1.037307132665999942e+00
1.056634518350000052e-01 6.437479716699999466e-02 -4.008235783929999796e-01
3.885967726439999992e-01 3.263840109180000115e-01 -7.019536461869999577e-01
1.164146534299999924e+00 1.154622996133999990e+00 -1.414218040443000035e+00
6.778753999409999897e-01 6.585480482219999709e-01 -9.437357961990000543e-01
-4.191189946739999894e-01 -4.852958071730000267e-01 9.220595027099999508e-02
-1.284193420198000091e+00 -1.319822370839000003e+00 9.785414702579999791e-01
-7.401115366029999976e-01 -7.826931136329999816e-01 4.336954234029999911e-01
-1.177152374270000051e-01 -1.740654597969999995e-01 -1.955551832409999913e-01
-1.186434019490999914e+00 -1.213849171786999914e+00 8.903761088439999805e-01
-9.306572595569999606e-01 -1.010554410404000070e+00 5.836312055929999687e-01
-1.065741621079999979e-01 -1.131884449300000067e-01 -1.554193644159999887e-01
-6.464982089820000555e-01 -7.380273717140000134e-01 2.908453541920000274e-01
-3.031648771550000121e-01 -3.110066937109999818e-01 3.760173252099999891e-02
-3.341076141539999766e-01 -4.119089339809999806e-01 -3.761802593000000087e-03
-5.146847799339999696e-01 -5.262752024369999893e-01 2.427842474249999882e-01
-1.411764852010000126e-01 -2.079178671889999885e-01 -1.830550749039999980e-01
-5.454803609099999617e-01 -5.794176697780000218e-01 2.502378940380000083e-01
-3.778398606839999951e-01 -4.183465135760000009e-01 7.780929078399999310e-02
-2.720710364100000223e-01 -3.203128957449999925e-01 -3.467270996099999780e-02
-4.181336122439999747e-01 -4.459146878690000149e-01 1.307165307410000088e-01
-3.959685977679999747e-01 -4.231767636570000213e-01 1.094008089379999993e-01
-5.399618091079999571e-01 -5.689909807919999452e-01 2.498314115270000024e-01
-5.170429402730000179e-01 -5.974607549310000376e-01 1.743358280729999932e-01
-1.778106024649999950e-01 -1.976876289610000059e-01 -9.865777926200000603e-02
-2.536809420530000136e-01 -3.180887358180000124e-01 -6.947126814199999778e-02
-2.828587134289999860e-01 -2.772891051270000018e-01 3.132557963700000059e-02
-2.694221105410000150e-01 -3.519978300200000132e-01 -7.259789885299999801e-02
-2.625218874760000265e-01 -2.754278751690000249e-01 -7.772011411000000203e-03
-3.415957016849999750e-01 -4.107602577159999990e-01 1.252004927699999944e-02
-3.296707878840000050e-01 -3.645561460969999890e-01 3.598623159599999982e-02
-2.452334298549999902e-01 -2.953114309100000057e-01 -6.308354112099999467e-02
-3.730053557760000249e-01 -4.271782748740000080e-01 5.897777046600000128e-02
-6.254502632270000362e-01 -6.529657139769999841e-01 3.358731742609999960e-01
-1.324928244120000098e+00 -1.374937112095000025e+00 1.004010570343000008e+00
-7.823299820529999726e-01 -8.505339550110000424e-01 4.490694881160000040e-01
-3.178209156480000241e-01 -3.362227345969999726e-01 4.122634347899999802e-02
-7.575735492799999526e-02 -1.224710517439999979e-01 -2.271108720020000027e-01
-4.048597883710000067e-01 -4.325691505650000046e-01 1.176722413560000041e-01
-1.125940249200999999e+00 -1.163236852410000077e+00 8.204306947420000329e-01
-8.077562923290000363e-01 -8.676880823679999910e-01 4.827041133869999778e-01
-1.158258115663000076e+00 -1.186650745467999979e+00 8.615256977999999899e-01
-1.132217233491999986e+00 -1.190279237888999919e+00 8.052798323540000247e-01
-1.071500332152000023e+00 -1.101512824887000086e+00 7.741203515969999893e-01
-9.142761451569999531e-01 -9.464106019639999534e-01 6.165592905390000489e-01
-9.304017223160000460e-01 -9.989657165969999530e-01 5.950331609179999592e-01
-9.271818865180000424e-01 -9.488284678609999467e-01 6.400988096840000141e-01
-1.034601655624000083e+00 -1.092017795897000099e+00 7.094740926660000335e-01
-1.147515174153000084e+00 -1.209543849963000017e+00 8.163190881140000021e-01
-1.247414841070999980e+00 -1.312825810669000060e+00 9.115680921659999880e-01
-1.389964468035000067e+00 -1.420402499556000064e+00 1.088409241191000021e+00
-9.538123440079999682e-01 -1.017657276592000004e+00 6.230218893079999543e-01
1.426920483500000031e-02 -2.666471457500000156e-02 -3.101371830920000017e-01
1.135645977472000023e+00 1.119024350859000094e+00 -1.393351324791000101e+00
6.873367965159999926e-01 6.435579511260000052e-01 -9.782309333969999576e-01
1.919310147140000089e-01 1.502179777169999897e-01 -4.865150805230000208e-01
9.161752426320000087e-01 8.635171400669999775e-01 -1.213514642967999935e+00
9.485958577790000179e-01 9.200645045590000182e-01 -1.220743922925999980e+00
-5.291106476999999676e-03 -5.927170315699999831e-02 -3.042230394250000081e-01
7.504188344800000188e-01 7.412337867039999750e-01 -1.004997951785000065e+00
1.084739261301999935e+00 1.046917488010999930e+00 -1.364843322538999981e+00
7.070033325400000568e-02 6.367835169699999354e-02 -3.310325430819999748e-01
7.121403206709999711e-01 6.391504213119999500e-01 -1.032782647322999958e+00
1.979079087039999907e-01 2.211441251609999881e-01 -4.256310219689999896e-01
5.230489255060000175e-01 4.277955100510000275e-01 -8.688052850440000086e-01
5.274616979270000394e-01 5.431182478860000495e-01 -7.591115940749999513e-01
3.416021726349999788e-01 2.551511892089999844e-01 -6.804360613819999681e-01
5.841732821680000187e-01 5.912451920110000092e-01 -8.239856314290000538e-01
2.448521944929999972e-01 1.743705901419999871e-01 -5.683994155599999543e-01
6.647245413979999684e-01 6.476917423350000425e-01 -9.283796704850000303e-01
1.051584340735000067e+00 1.018952104323999963e+00 -1.326740843962000094e+00
9.748893470039999842e-01 9.630954660170000237e-01 -1.229516778175999914e+00
4.654959022360000143e-01 3.964449054340000167e-01 -7.849823764719999764e-01
-1.959679823430000023e-01 -1.946984046870000040e-01 -5.896731418799999735e-02
-9.471244026189999943e-01 -1.010732313749999944e+00 6.166561825699999888e-01
-1.361760902946999918e+00 -1.401049738698000091e+00 1.051434928885000009e+00
-1.277848869265999943e+00 -1.348246002885000072e+00 9.365173923690000013e-01
-8.519639726629999466e-01 -9.179683857649999501e-01 5.201481476239999679e-01
-8.736085035200000237e-02 -1.145738294610000041e-01 -1.955899253850000019e-01
-4.532096397850000069e-01 -5.012616553590000246e-01 1.445351937980000057e-01
-1.124900839428000010e+00 -1.192631683280999999e+00 7.881063200560000093e-01
-8.349458658480000128e-01 -8.478324354139999963e-01 5.579537039749999927e-01
-1.729464288900000035e-01 -2.461010156229999912e-01 -1.582530407349999890e-01
-4.376405290340000254e-01 -4.601903015609999925e-01 1.553741352480000060e-01
-4.673235037560000138e-01 -5.269699618790000262e-01 1.465602230860000021e-01
-1.157994917270000063e-01 -1.572154185949999894e-01 -1.820907068629999959e-01
-6.716600977950000217e-01 -6.949917210279999980e-01 3.858431234060000214e-01
-2.600901069650000119e-01 -3.153559379470000090e-01 -5.373615291099999997e-02
-3.902606384389999961e-01 -3.835741634229999919e-01 1.386155201610000109e-01
-5.892311522619999575e-01 -6.641843429239999708e-01 2.512963722220000196e-01
-6.191904256739999557e-01 -6.345814390589999965e-01 3.421550150459999884e-01
-4.910319778439999894e-01 -5.420329502159999535e-01 1.788810608349999942e-01
-5.298097955439999840e-01 -5.561003969250000178e-01 2.426147655720000129e-01
-5.527722964400000327e-01 -6.313969046630000248e-01 2.114898985149999966e-01
-2.905868504910000261e-01 -2.710898906259999741e-01 5.328525920200000154e-02
-2.235284955100000082e-01 -2.647976815659999761e-01 -7.547515887200000051e-02
-7.510970657700000164e-01 -7.894953528050000502e-01 4.488539230720000051e-01
-4.607904473419999758e-01 -5.140759318709999803e-01 1.466451723499999915e-01
-4.337926759300000240e-02 -5.534156794200000007e-02 -2.233722281159999934e-01
1.036478299080000109e+00 1.009758727179000060e+00 -1.305731783361999909e+00
9.340730405110000412e-01 9.079852467150000273e-01 -1.203878708765000027e+00
-2.502859158840000098e-01 -2.901904439079999731e-01 -4.762842478599999679e-02
-1.056523005392999925e+00 -1.109078612302000000e+00 7.361365108259999568e-01
-1.445722559805999952e+00 -1.517271289304999993e+00 1.101236592006000103e+00
-1.205507698536999905e+00 -1.236998247927999950e+00 9.050349807269999491e-01
-4.261606549870000094e-01 -5.009714051739999618e-01 9.028622466499999777e-02
4.726832331779999841e-01 4.889203644880000255e-01 -7.043789916589999756e-01
1.326447791682000110e+00 1.276766267901999985e+00 -1.615911068453000032e+00
7.844065833690000433e-01 7.711069284060000362e-01 -1.042818076300999985e+00
1.580983601169999864e-01 1.091259823749999996e-01 -4.605446714549999987e-01
7.678422461580000080e-01 7.759959466300000441e-01 -1.004386508395000099e+00
2.877810340279999823e-01 2.180843707750000082e-01 -6.100172253629999597e-01
6.619588916259999678e-01 6.576857554730000111e-01 -9.125250331180000396e-01
1.372005652949999932e-01 1.070931071640000010e-01 -4.204923329460000248e-01
3.694230689629999786e-01 2.984728689510000033e-01 -6.919901509029999787e-01
5.288355414680000477e-01 5.508913670239999893e-01 -7.538885948310000140e-01
3.255783241310000187e-01 2.499319768269999964e-01 -6.534892886419999547e-01
1.471451370690000093e-01 1.426156814220000124e-01 -4.040169572039999935e-01
3.573193468479999857e-01 3.263572395050000075e-01 -6.389065806849999474e-01
4.492735175850000040e-01 4.207630731790000245e-01 -7.272603582379999487e-01
3.384524565690000264e-01 2.886115102590000037e-01 -6.396752447889999527e-01
1.482494663370000076e-01 1.271846647290000021e-01 -4.221125097180000174e-01
3.110961879029999766e-01 2.866380437120000235e-01 -5.865375434830000234e-01
4.307556354009999811e-01 3.907645560210000202e-01 -7.207659638829999604e-01
3.173858351830000091e-01 2.930497576459999975e-01 -5.926278448670000421e-01
1.938772871280000087e-01 1.899515008740000066e-01 -4.495798515530000095e-01
4.588513464689999988e-01 4.117593425919999772e-01 -7.558341927010000516e-01
3.315357532789999784e-01 3.194263366610000099e-01 -5.940383610349999621e-01
1.405715428840000059e-01 1.129395248169999949e-01 -4.212781192439999933e-01
3.259388514870000253e-01 2.873400083959999907e-01 -6.157476467289999533e-01
4.007132097330000087e-01 3.877185759949999810e-01 -6.633142352699999966e-01
2.408372429969999895e-01 1.852777715460000030e-01 -5.490863548369999680e-01
2.518774239759999922e-01 2.173407856460000120e-01 -5.383780549850000208e-01
2.957060224970000095e-01 2.397049846310000121e-01 -6.037652555050000425e-01
3.603514586709999912e-01 3.459529442109999797e-01 -6.248698742539999795e-01
4.811161273230000202e-01 4.444530697099999816e-01 -7.671130183680000547e-01
1.490887782120000060e-01 1.277344368190000135e-01 -4.232397203500000149e-01
4.226517941519999932e-01 3.904822678679999992e-01 -7.047139100029999881e-01
6.755901682980000045e-01 6.412399808300000004e-01 -9.569261737830000447e-01
3.762141817729999782e-01 3.653650523499999969e-01 -6.368964018970000307e-01
2.640763795120000257e-01 2.051999050670000047e-01 -5.754637984279999952e-01
8.819079026539999866e-01 8.900252545100000301e-01 -1.117150816996999918e+00
1.133208298840000072e+00 1.063267697409999935e+00 -1.445773020796000008e+00
8.771383067439999515e-01 8.919486946629999746e-01 -1.105554390877999893e+00
1.227335032490000089e+00 1.173305430509999914e+00 -1.522432904586999980e+00
1.176608107395000102e+00 1.181941680637000003e+00 -1.411254993316999995e+00
9.528666708990000123e-01 8.881804912790000062e-01 -1.262144561236000051e+00
1.302300397061999959e+00 1.311278320290000021e+00 -1.531724419544999938e+00
1.082465288270000103e+00 1.037013719421000069e+00 -1.370442166379000071e+00
1.033668697938000092e+00 1.039683551648999948e+00 -1.269292589371000091e+00
5.336311872150000246e-01 4.492489388240000214e-01 -8.680839436010000520e-01
-1.621373510970000043e-01 -1.438467231430000104e-01 -7.489723353499999625e-02
-7.245999657430000074e-01 -8.393578211379999487e-01 3.441431607379999980e-01
-6.725913196949999673e-01 -6.712481771029999988e-01 4.121378027350000028e-01
-6.687183567640000437e-01 -7.481509726749999700e-01 3.252442447319999763e-01
-5.963504136130000077e-01 -6.128297938619999830e-01 3.184638378040000051e-01
-5.372701063270000077e-01 -6.054832518949999631e-01 2.068763153719999914e-01
-5.713697124440000330e-01 -6.152430844620000450e-01 2.656056089270000253e-01
-3.172956034800000213e-01 -3.472432228599999782e-01 2.883403004899999858e-02
-2.063678298230000041e-01 -2.817190780309999920e-01 -1.274828337209999995e-01
-6.972158324580000066e-01 -7.099553371800000345e-01 4.219913684239999796e-01
-4.973600711039999900e-01 -5.847892037980000346e-01 1.476738513020000032e-01
-2.926698340069999738e-01 -3.059989281839999853e-01 2.158700180400000002e-02
-1.742409567709999885e-01 -2.442833820720000104e-01 -1.537733033129999871e-01
-3.311183640750000046e-01 -3.876030447320000238e-01 1.520507525999999915e-02
-3.241378268669999896e-01 -3.584875720949999844e-01 3.106900755500000000e-02
-1.535765608970000029e-01 -2.273876571629999954e-01 -1.780706990329999906e-01
-1.766034334459999910e-01 -1.480417621120000138e-01 -5.003866635700000148e-02
-1.466310910159999981e-01 -2.208662515420000139e-01 -1.853707417290000048e-01
-4.071163954559999798e-01 -4.258784571859999812e-01 1.291033533769999908e-01
-8.637256132299999667e-01 -9.254021795239999459e-01 5.362223054239999565e-01
-8.566128185179999743e-01 -8.996242235100000428e-01 5.483873773949999864e-01
-1.140411324263000070e+00 -1.194009855201999981e+00 8.179677829329999872e-01
-8.933107412580000295e-01 -9.284315975539999544e-01 5.927688713259999798e-01
-9.322016607109999686e-01 -9.655312406699999572e-01 6.330454146639999946e-01
-1.162472332447000101e+00 -1.205229962513999942e+00 8.509181534559999704e-01
-5.207477849420000249e-01 -5.640709818929999786e-01 2.161435782660000027e-01
-2.001063535050000008e-01 -2.208356992159999921e-01 -7.750018705099999405e-02
-1.941245457040000066e-01 -2.672469415820000194e-01 -1.372903764779999924e-01
-4.190769876700000118e-01 -4.097402212469999916e-01 1.698191044029999930e-01
-2.513515644839999785e-01 -3.358592770539999828e-01 -9.244313289099999331e-02
-3.496044207110000079e-01 -3.602935826199999969e-01 8.056816206300000671e-02
-7.662751798379999757e-01 -8.065716360489999515e-01 4.619019105039999795e-01
-4.189325992929999742e-01 -4.705485315260000134e-01 1.069954775780000006e-01
-3.088949068960000210e-01 -3.198922591569999807e-01 4.001950517999999790e-02
-2.284426452449999922e-01 -2.878916627890000246e-01 -8.931398080100000358e-02
-6.522996334899999749e-02 -9.029769985900000517e-02 -2.152550059370000046e-01
5.784477116330000168e-01 5.336693493899999918e-01 -8.716476778609999476e-01
1.281211127788999926e+00 1.280996113013999960e+00 -1.520336255446999907e+00
9.702439317759999904e-01 8.975364603380000528e-01 -1.287566599670000089e+00
1.349672431510000048e-01 1.151989122189999992e-01 -4.076529424129999857e-01
-2.706446343710000035e-01 -3.226133675189999939e-01 -3.991491555300000216e-02
-7.026425313320000532e-01 -7.447407331430000443e-01 3.971632523440000173e-01
-1.143739702998999963e+00 -1.166441005250000051e+00 8.530303776559999829e-01
-1.044303662184000059e+00 -1.116535041439999931e+00 7.038269262120000480e-01
-9.725210713090000070e-01 -9.851565277739999793e-01 6.941724964909999906e-01
-9.534894286309999467e-01 -1.037596667197000055e+00 6.018659465319999846e-01
-1.056833594531999987e+00 -1.059652120623999938e+00 7.875907657270000417e-01
-1.118280033543999963e+00 -1.209893701374999964e+00 7.570032286479999595e-01
-9.523806859229999588e-01 -9.755117926759999669e-01 6.634752471679999930e-01
-1.001549375653999929e+00 -1.044362862957999960e+00 6.918264216689999913e-01
-1.121949233010999913e+00 -1.175206069017000088e+00 8.000737545430000042e-01
-1.494531032699000006e+00 -1.482098002382999935e+00 1.235835179416999940e+00
-9.710955136600000204e-01 -1.042221162921000088e+00 6.326150637970000545e-01
-1.393513732389999871e-01 -1.642149556149999912e-01 -1.417935764230000006e-01
6.574551998409999820e-01 6.204901117759999973e-01 -9.416930883740000091e-01
7.593252509600000311e-01 7.329306220979999731e-01 -1.031497374803000078e+00
9.592584914500000559e-02 5.508440170400000224e-02 -3.907403734889999813e-01
6.013490503530000142e-01 5.641722496690000366e-01 -8.864631419740000018e-01
7.278585960869999871e-01 7.149113150160000263e-01 -9.865713972699999834e-01
-5.380437629499999763e-02 -9.553723510400000118e-02 -2.436841371759999875e-01
-2.363763988900000057e-02 -7.967800270800000362e-02 -2.882099975130000269e-01
7.242936322270000504e-01 7.405192709929999673e-01 -9.530481934790000498e-01
1.337979475473999980e+00 1.299711320202999953e+00 -1.615570431379000027e+00
1.009185890543000008e+00 1.012850542105999896e+00 -1.247513962560000023e+00
1.353974835163999968e+00 1.323905357821000051e+00 -1.622946921388999986e+00
1.024099356490999924e+00 9.826522797750000260e-01 -1.308643209786999995e+00
1.156993994952000060e+00 1.149201965745000109e+00 -1.405368842953000019e+00
1.391383918258999985e+00 1.338246440885000110e+00 -1.683639017373000035e+00
1.354472823345000077e+00 1.336487402416000059e+00 -1.611012380850999959e+00
1.488429655121999984e+00 1.677594779342999942e+00 -1.530373004389000036e+00
5.781780254480000103e-01 1.941930849418999960e+00 5.770870970079999829e-01
7.614675278850000506e-01 1.664659828600999925e+00 -7.767035249600000302e-02
1.336512581512999898e+00 1.924260381377000062e+00 -9.703549312000000482e-01
2.561021786339999773e-01 1.656594990676999890e+00 9.331646158040000083e-01
1.292120041233999927e+00 1.900515669060000024e+00 -9.052501320000000407e-01
1.080667006546000009e+00 1.725596397911000057e+00 -6.587091767730000047e-01
6.337483154980000366e-01 1.873127272382999919e+00 3.942686793679999746e-01
1.178629445020999977e+00 1.753390515805999916e+00 -8.276797348519999709e-01
5.610800888039999545e-01 1.825384575713999924e+00 4.917162992269999977e-01
1.143821198281999907e+00 1.804898699241999971e+00 -7.045161935870000169e-01
1.262250686155999890e+00 1.793754225345000064e+00 -9.548036011280000013e-01
4.544723142109999836e-01 1.787599792463000048e+00 6.678472534749999578e-01
7.833456595790000421e-01 1.804596020990000049e+00 2.211373092199999876e-02
9.195994792830000097e-01 1.772447764157000005e+00 -2.857178492720000018e-01
7.921340197670000416e-01 1.829068967381000110e+00 2.955781720100000148e-02
1.021204437078000016e+00 1.788796232826000088e+00 -4.738041503000000043e-01
6.954197724730000196e-01 1.783719233367000001e+00 1.779578686740000137e-01
1.098773972572999913e+00 1.795521437541000020e+00 -6.233163234969999467e-01
5.716187698379999738e-01 1.777165493767000060e+00 4.208775421739999745e-01
1.116064787817000026e+00 1.814568646377000105e+00 -6.385980119159999635e-01
6.465582248060000037e-01 1.800927334784999889e+00 2.941889226430000059e-01
1.082485391797000096e+00 1.828567559319999924e+00 -5.564853892090000365e-01
6.374226757700000023e-01 1.735657826948000082e+00 2.454916885589999986e-01
1.025917491718999930e+00 1.924133242794000109e+00 -3.441342628749999855e-01
1.077325557086999952e+00 1.718433930533000087e+00 -6.593363020129999752e-01
5.811729271669999752e-01 1.837667431857000100e+00 4.638278555809999815e-01
1.068923597419999982e+00 1.776370589564000069e+00 -5.828133877700000243e-01
6.320958506999999615e-01 1.817447631714000034e+00 3.403427039870000059e-01
9.041376894579999934e-01 1.775235694243999962e+00 -2.516703591830000142e-01
8.036628396849999634e-01 1.814699276575999942e+00 -8.468524442000000679e-03
7.657252860300000075e-01 1.801174163425000030e+00 5.412840005999999815e-02
8.967979322510000184e-01 1.789258276928999969e+00 -2.224487035290000081e-01
1.190525869246999990e+00 1.791121063215000087e+00 -8.128699210509999773e-01
7.107961386929999570e-01 1.822534228564999914e+00 1.868651673570000116e-01
7.074944878669999770e-01 1.746769043320999915e+00 1.156099249120000061e-01
9.827337917289999947e-01 1.839962530323000056e+00 -3.436065325429999984e-01
5.684934783330000130e-01 1.792485951973999958e+00 4.429349087419999775e-01
1.140038582759999919e+00 1.817292084184999990e+00 -6.841433226899999998e-01
1.376985238247000032e+00 1.817466462835999996e+00 -1.161794709427999894e+00
9.816697445290000212e-01 1.856512221875999957e+00 -3.244418201109999789e-01
2.882515118349999739e-01 1.712067625276999960e+00 9.253772052380000446e-01
1.079378144969999953e+00 1.871140893788999948e+00 -5.064388157679999836e-01
6.253803335700000021e-01 1.767962841481000025e+00 3.029974645640000075e-01
1.109262934513000065e+00 1.794662664911000016e+00 -6.453516669500000136e-01
1.235393095690999976e+00 1.798565635874000090e+00 -8.956942894449999581e-01
4.717131573189999871e-01 1.762591759486000109e+00 6.073619688989999599e-01
7.175627463249999449e-01 1.821837695438000004e+00 1.725032273559999885e-01
8.283257664140000198e-01 1.761259930317000011e+00 -1.131587569290000012e-01
7.307162550110000154e-01 1.798400424820999932e+00 1.218758311089999935e-01
9.285010451320000469e-01 1.825561409562000081e+00 -2.490492867399999866e-01
5.939996714390000099e-01 1.750712632993999929e+00 3.485409330359999780e-01
1.038294878612999961e+00 1.892367210271000078e+00 -4.017614316420000109e-01
9.085069768810000168e-01 1.748534047818000037e+00 -2.879402763539999910e-01
1.008819479423000098e+00 1.867884867823000006e+00 -3.674973409599999741e-01
1.001459848934999952e+00 1.736182909999000046e+00 -4.880919785999999760e-01
8.361967956089999543e-01 1.863811358066999935e+00 -2.357247013199999935e-02
9.628998689779999509e-01 1.748717950030000079e+00 -3.974408035990000254e-01
9.290018488279999653e-01 1.811724574726000014e+00 -2.642883763769999783e-01
8.404242985980000524e-01 1.797697492628999916e+00 -1.000861635279999967e-01
9.497485873819999647e-01 1.739572949587999906e+00 -3.803239974670000190e-01
1.023496183005000004e+00 1.839914330815999977e+00 -4.258582395439999835e-01
1.007934493006999999e+00 1.761229685735000050e+00 -4.753919129929999876e-01
1.049447953272999889e+00 1.835238256972000048e+00 -4.830016846240000050e-01
8.194362069709999474e-01 1.795455839178000002e+00 -6.006642880100000054e-02
7.361736867610000346e-01 1.795920869062000103e+00 1.083204198400000012e-01
8.158841954569999722e-01 1.808449812484000052e+00 -3.954098065699999942e-02
7.792064424689999491e-01 1.801643729357000012e+00 2.742494747400000057e-02
1.054176218961000000e+00 1.796960831440999939e+00 -5.318995187970000371e-01
8.149826840610000511e-01 1.788268041750000092e+00 -5.847697579999999729e-02
7.679482719989999540e-01 1.807580581967999978e+00 5.623355243599999914e-02
4.017272007720000260e-01 1.732330311394000066e+00 7.173773831619999486e-01
4.638162626530000221e-01 1.831334009754000069e+00 6.939783300590000037e-01
5.159336899109999708e-01 1.727682009090000026e+00 4.822865097410000135e-01
6.623842015809999761e-01 1.824367936198999951e+00 2.863792142330000012e-01
3.842726895249999886e-01 1.780524980732999918e+00 8.021376178329999718e-01
6.873719062669999547e-01 1.765199207570000040e+00 1.751421973720000136e-01
1.367202058603000037e+00 1.802091381317999952e+00 -1.157876802659000059e+00
1.072841982079999923e+00 1.811871079444999921e+00 -5.542082097730000045e-01
2.974263905860000112e-01 1.755407122497999906e+00 9.514433188319999513e-01
7.631946427919999998e-01 1.815712808803999989e+00 7.418260857200000002e-02
1.524003038288000100e+00 1.797498597921999952e+00 -1.478807366834000048e+00
7.477770237799999942e-01 1.836149866973999956e+00 1.262905691629999938e-01
4.987225285429999766e-01 1.784486933790000007e+00 5.754103887910000381e-01
4.974079993850000214e-01 1.820489156697999933e+00 6.150843100080000125e-01
6.897950413900000299e-01 1.759286134302999960e+00 1.641749305580000040e-01
1.429814809778999996e+00 1.862964297216999965e+00 -1.221543867765999991e+00
1.144635513956999917e+00 1.808660963114999909e+00 -7.022894186470000077e-01
1.244963182388000078e+00 1.820219674869000048e+00 -8.927254801639999959e-01
9.783928845839999777e-01 1.806942725394000027e+00 -3.688086228699999913e-01
1.037001095513000015e+00 1.799520434926999979e+00 -4.946316910979999815e-01
9.488874259880000217e-01 1.784265896008000007e+00 -3.326272078390000164e-01
1.020325762756999932e+00 1.796964177083999914e+00 -4.636326648369999970e-01
9.494422446039999519e-01 1.780687732512000077e+00 -3.374256822849999726e-01
7.989332440099999877e-01 1.798754314838000079e+00 -1.532780064600000082e-02
9.655626223659999896e-01 1.800938676983999898e+00 -3.491091803129999782e-01
8.123689484549999618e-01 1.779009593390000088e+00 -6.272703113199999680e-02
9.521982148790000267e-01 1.826580322325999983e+00 -2.957896050070000227e-01
8.370998992870000155e-01 1.756264389323000108e+00 -1.359900075740000103e-01
8.749805958740000111e-01 1.856184854696999897e+00 -1.096272931989999977e-01
9.065880446340000010e-01 1.736817853510000065e+00 -2.961189162489999971e-01
8.515867536790000525e-01 1.822674910788000036e+00 -9.691094252399999609e-02
9.169488980700000180e-01 1.796747429974000054e+00 -2.553839903110000087e-01
8.876635111989999993e-01 1.814210537534000078e+00 -1.783683231240000000e-01
8.348485671950000020e-01 1.796443728709000043e+00 -9.013136023600000490e-02
8.562503016610000239e-01 1.776154272479999907e+00 -1.541552041990000010e-01
8.965061496709999522e-01 1.802034040552999983e+00 -2.087222859829999944e-01
8.908887914219999482e-01 1.800317310262999904e+00 -1.991596304549999863e-01
8.818692186150000056e-01 1.829441805262999932e+00 -1.510203223319999954e-01
8.561318100060000269e-01 1.766711561279999954e+00 -1.636266988650000032e-01
8.504748980959999649e-01 1.798745277262999931e+00 -1.192768825150000017e-01
9.104034641320000176e-01 1.801517294319999962e+00 -2.372792477710000125e-01
9.312840672979999512e-01 1.822288135643999940e+00 -2.580276605480000263e-01
8.854546639279999853e-01 1.771297077447000046e+00 -2.180441390120000100e-01
8.641179133159999637e-01 1.829777869511000077e+00 -1.148771411780000057e-01
8.262253231959999500e-01 1.750271386072000057e+00 -1.202230770400000009e-01
9.255768124000000041e-01 1.880107539861000099e+00 -1.870595138130000112e-01
8.378540176109999793e-01 1.733904412278999940e+00 -1.605047406610000116e-01
8.934261658609999879e-01 1.881319555716000069e+00 -1.209775848410000049e-01
8.165221694369999561e-01 1.749692038922000092e+00 -1.012513037020000006e-01
8.768823177860000095e-01 1.862463806230000074e+00 -1.070053553580000011e-01
8.329673437069999853e-01 1.771920149907999953e+00 -1.115565654679999963e-01
8.764032018409999569e-01 1.797935639540999997e+00 -1.723969407139999965e-01
9.125281644580000018e-01 1.798565804901000043e+00 -2.445991301300000087e-01
9.144092855390000274e-01 1.801014089401999918e+00 -2.458749289059999898e-01
8.344542937119999726e-01 1.779674946384999901e+00 -1.065805008449999952e-01
8.172860279020000007e-01 1.775815477105000095e+00 -7.592757959300000525e-02
1.063292207459999972e+00 1.793717016046999957e+00 -5.536187678930000189e-01
1.465859712882999988e+00 1.859739223073000103e+00 -1.297549157586999957e+00
1.272159706799000034e+00 1.758918930429999916e+00 -1.010609307296000070e+00
1.290347941030999923e+00 1.814321237636000061e+00 -9.903148464730000544e-01
1.285435435064000043e+00 1.778837054672999907e+00 -1.016898493028000061e+00
1.289774422213000094e+00 1.826126514974999893e+00 -9.770182779339999790e-01
1.397490769515999931e+00 1.814913513582999904e+00 -1.205771852040999903e+00
1.502240315361000000e+00 1.852313393967000010e+00 -1.378551286451999980e+00
1.209191846498000045e+00 1.790905933681000040e+00 -8.507332817710000494e-01
1.280676596718999916e+00 1.829311204049000050e+00 -9.553964594389999787e-01
1.198718383979999969e+00 1.776578229976000012e+00 -8.443462638130000419e-01
1.226205473430999948e+00 1.839442835992000091e+00 -8.351301521320000365e-01
1.140867426875000090e+00 1.765231441362000053e+00 -7.393515385769999781e-01
1.174297244404000073e+00 1.853306647559999965e+00 -7.161942208520000186e-01
1.102477967848999985e+00 1.762256806766000050e+00 -6.649936702809999822e-01
1.128078071562000018e+00 1.832425202345999926e+00 -6.444613516270000231e-01
1.351692594298999905e+00 1.781021848014000097e+00 -1.148267082095000058e+00
1.165724844987999997e+00 1.809370578285000031e+00 -7.440887917330000212e-01
6.382242308619999749e-01 1.796169715585000048e+00 3.061028831859999855e-01
5.464964539440000379e-01 1.815018172507999905e+00 5.104655795900000514e-01
4.916290606639999727e-01 1.774255420205999911e+00 5.791935835579999914e-01
5.911801633290000302e-01 1.815403439436999999e+00 4.207518317089999904e-01
6.223455023780000150e-01 1.761721318680999904e+00 3.026990644059999735e-01
6.843682063670000204e-01 1.836330688060999972e+00 2.543478313599999985e-01
3.321332835909999726e-01 1.756901373995999993e+00 8.829894192139999820e-01
7.315480580900000085e-01 1.843050063283999895e+00 1.661140235019999967e-01
2.760650985659999779e-01 1.703439579135000104e+00 9.410798531359999552e-01
6.233053291769999893e-01 1.820142758347000012e+00 3.608413646509999739e-01
5.077719372050000235e-01 1.746713502818000086e+00 5.183167478810000173e-01
5.094601303010000137e-01 1.790611358775999973e+00 5.600548310849999822e-01
4.901299359260000155e-01 1.778907258355000076e+00 5.870004793069999449e-01
5.016146973809999521e-01 1.788737335650999905e+00 5.739489077310000464e-01
4.523986180530000234e-01 1.756739597926999963e+00 6.402939097240000210e-01
4.574406778860000133e-01 1.865936702448000029e+00 7.424192511820000284e-01
3.265318062170000091e-01 1.704204300648999970e+00 8.400942247970000221e-01
3.979927081679999756e-01 1.814108660432000031e+00 8.090054929509999937e-01
3.965011444559999876e-01 1.778014150231000068e+00 7.748954830069999522e-01
6.173624656170000335e-01 1.784895892168000042e+00 3.365796005710000038e-01
1.001665880817000032e+00 1.798670394154000096e+00 -4.242482306479999909e-01
1.497570450151999966e+00 1.822431551561999985e+00 -1.399863058912000024e+00
9.825071596209999925e-01 1.781330376576000019e+00 -4.034440944430000009e-01
4.954215615970000153e-01 1.820392926367000008e+00 6.189912358729999786e-01
3.153814025380000108e-01 1.749021556083999895e+00 9.086683114069999956e-01
9.019597032489999888e-01 1.813777362895000023e+00 -2.076437271759999925e-01
1.283799371039999970e+00 1.814401670580999992e+00 -9.770261738359999892e-01
1.358314479121000007e+00 1.840750620961999928e+00 -1.100198584641000066e+00
1.393278858941999987e+00 1.797877557957999972e+00 -1.214797028538999957e+00
1.390796341571999939e+00 1.842280120047000036e+00 -1.164129202303000099e+00
1.361923342279000027e+00 1.811620727635000039e+00 -1.137432113809000001e+00
1.281063106838000065e+00 1.811937361303999960e+00 -9.740423578389999504e-01
1.392156156643000076e+00 1.797756562003000047e+00 -1.212657394367999908e+00
1.498213763217999928e+00 1.856522464236999959e+00 -1.366102859019000082e+00
1.338676397956999997e+00 1.776169383157000015e+00 -1.127008446372000039e+00
1.361886162423000091e+00 1.867851961613000045e+00 -1.079531538876000063e+00
1.468249157348999967e+00 1.806459083120000031e+00 -1.357158581425000010e+00
1.081068595235000096e+00 1.835281195189000014e+00 -5.467242605690000312e-01
7.078954236969999814e-01 1.748111892729999894e+00 1.161823149609999967e-01
3.838299165579999728e-01 1.798240544556999998e+00 8.212483869969999795e-01
7.019125824449999884e-01 1.830668209978000061e+00 2.131445098760000045e-01
3.002830458410000181e-01 1.692636358389999929e+00 8.811319912199999660e-01
7.234543155970000194e-01 1.855431167250999991e+00 1.951681581710000002e-01
3.516381956349999838e-01 1.727160848196999998e+00 8.130716977009999624e-01
6.895655789950000392e-01 1.853314526326000022e+00 2.613321130149999783e-01
3.672085344189999767e-01 1.720233061817999953e+00 7.745480693859999599e-01
6.521793212669999562e-01 1.831079028051000090e+00 3.138599278959999794e-01
3.716495306670000165e-01 1.727347543655999962e+00 7.729084835099999662e-01
3.693210074600000170e-01 1.822949582152000092e+00 8.759169333520000489e-01
6.761709973099999660e-01 1.736805228206000029e+00 1.685310897679999920e-01
4.127473401069999825e-01 1.851230919035999900e+00 8.174258597679999738e-01
5.691635975629999455e-01 1.716745044485000093e+00 3.636950924590000023e-01
5.130088007319999477e-01 1.838567186624000094e+00 6.022140740260000236e-01
5.221271959340000324e-01 1.754639168046999931e+00 4.975180728340000136e-01
5.259622212040000466e-01 1.831910800843000064e+00 5.692468640940000491e-01
5.557551919219999581e-01 1.760068121513999939e+00 4.352861608579999819e-01
2.904409379669999902e-01 1.778851064779999991e+00 9.896389677279999741e-01
7.729044870539999446e-01 1.785527857798000051e+00 2.356076328099999950e-02
1.488645149045999982e+00 1.828869514616999981e+00 -1.375243639743999990e+00
1.251151136929000041e+00 1.782630321442999932e+00 -9.438593665469999783e-01
7.877102053079999555e-01 1.793324113546999943e+00 1.720605072999999976e-03
1.223347401412999913e+00 1.808367408222000039e+00 -8.613230458959999503e-01
8.799940829919999929e-01 1.827260897876000101e+00 -1.494816356900000032e-01
9.316119090319999740e-01 1.758585070877999978e+00 -3.241980740550000073e-01
1.240582270108999907e+00 1.873132505472000053e+00 -8.294777519360000406e-01
1.014180368659000075e+00 1.755938938881999922e+00 -4.934282125819999809e-01
1.051864813736000048e+00 1.840803509719999953e+00 -4.821525188490000113e-01
9.924016298019999738e-01 1.768257846839000003e+00 -4.368406378549999913e-01
1.003862363274999892e+00 1.816444179089000022e+00 -4.103999575710000070e-01
1.061953325446999941e+00 1.769990272995999980e+00 -5.753182392989999450e-01
8.389150853360000104e-01 1.845690592551999964e+00 -4.768877627499999716e-02
1.137480141361000063e+00 1.787918278140000039e+00 -7.091905877309999662e-01
1.534259013808999983e+00 1.785625502223999961e+00 -1.511699485717000080e+00
1.479487766009000005e+00 1.914258964137000030e+00 -1.268966147096999952e+00
1.336342761323999984e+00 1.708915525492999965e+00 -1.191463147736000039e+00
1.044252026220999996e+00 1.911035706784000032e+00 -3.945769007680000051e-01
8.001865633429999791e-01 1.675085787376999980e+00 -1.450302535349999866e-01
1.263713763311999916e+00 1.927874997116000078e+00 -8.198304761329999746e-01
9.899821757719999837e-01 1.731176921537999958e+00 -4.700938318060000065e-01
8.488604990589999622e-01 1.833869769844000075e+00 -7.990085576000000023e-02
8.334345816499999504e-01 1.758069021639000029e+00 -1.267426645330000101e-01
9.912646839740000271e-01 1.819894446950000022e+00 -3.814471646340000244e-01
1.222011137279999993e+00 1.796421970414999958e+00 -8.709124477530000297e-01
7.796117513300000468e-01 1.790428333002000105e+00 1.507420032600000070e-02
9.356415310250000283e-01 1.776556024610999929e+00 -3.138437824990000236e-01
9.010483619829999791e-01 1.813079258287999984e+00 -2.065237991240000126e-01
8.259223947529999998e-01 1.778827888511000044e+00 -9.024600143899999538e-02
8.618997079860000188e-01 1.781636695495000033e+00 -1.599100243899999885e-01
8.947819846440000502e-01 1.836610895780999897e+00 -1.696880681390000034e-01
8.331987954770000426e-01 1.772393727696000010e+00 -1.115363096279999994e-01
8.735134748520000381e-01 1.825027157103999986e+00 -1.387098051919999908e-01
9.355560353259999573e-01 1.778551960104000074e+00 -3.116188427539999806e-01
1.291229631313999926e+00 1.821684199042999941e+00 -9.845211497060000205e-01
1.482731163406999952e+00 1.812422067191000075e+00 -1.380231187746000066e+00
1.249243593876000036e+00 1.856418925574000012e+00 -8.641317984299999866e-01
7.642408734469999798e-01 1.739234484829000005e+00 -6.574005463999999833e-03
1.013977666583999904e+00 1.856460483126000094e+00 -3.896477383490000168e-01
1.082503590276000072e+00 1.775849823876999967e+00 -6.107345667589999527e-01
8.675858634219999477e-01 1.859946863006999962e+00 -9.084627311699999819e-02
1.021851296729000103e+00 1.755585287808000050e+00 -5.092612167410000001e-01
1.147806558177000058e+00 1.883066933934000042e+00 -6.321685458489999521e-01
9.217132896890000149e-01 1.762514214719000050e+00 -3.001957980689999861e-01
8.390335415749999859e-01 1.846309538297000064e+00 -4.729116202199999675e-02
1.196802498033000095e+00 1.766154977842000040e+00 -8.512014450660000398e-01
9.242131203240000481e-01 1.811498829722999915e+00 -2.548634896409999739e-01
3.525494759319999782e-01 1.788173666355999947e+00 8.739767513170000335e-01
4.515564132220000193e-01 1.823142343683999966e+00 7.102778236479999618e-01
5.208020981319999576e-01 1.770852460631999969e+00 5.168632872859999505e-01
5.505657151639999913e-01 1.823490489697999983e+00 5.109719759840000153e-01
4.494358066779999827e-01 1.708915215191999959e+00 5.970883853809999531e-01
3.006861631000000146e-01 1.800778033132000022e+00 9.915269491149999448e-01
2.826513528680000276e-01 1.761887307580999984e+00 9.879028368619999778e-01
2.301508148349999949e-01 1.762743433095999901e+00 1.094656726641999978e+00
7.252602015060000129e-01 1.837591223800999929e+00 1.731806057030000068e-01
3.012342149910000044e-01 1.747730123927000001e+00 9.358697246320000218e-01
3.260744709949999764e-01 1.833696980607000038e+00 9.741807711640000367e-01
2.933401229779999952e-01 1.745024833683999965e+00 9.490070914310000383e-01
6.885433855879999898e-01 1.825573165208000059e+00 2.348655545710000014e-01
2.903543597189999770e-01 1.797173633752999988e+00 1.008655644472999935e+00
3.968475936699999984e-01 1.670844959197999913e+00 6.639889936589999930e-01
5.413222869460000419e-01 1.878407466594000041e+00 5.860865089200000266e-01
5.504584028740000523e-01 1.702788046233999930e+00 3.870635797259999733e-01
4.245660396579999940e-01 1.862528460557000054e+00 8.052099351350000545e-01
4.173137551230000075e-01 1.707742506173000052e+00 6.606603085729999547e-01
5.703668020740000344e-01 1.865053267418999905e+00 5.137819989759999650e-01
3.970650265669999901e-01 1.732116622838000053e+00 7.265594566070000537e-01
6.389571064329999661e-01 1.806572541555999889e+00 3.153227382320000216e-01
4.438027597129999835e-01 1.783650611484000059e+00 6.853025061220000547e-01
4.267165392200000240e-01 1.770549992300000097e+00 7.062868026980000380e-01
5.314945334909999541e-01 1.770264481050999983e+00 4.946960868620000062e-01
5.887823980430000326e-01 1.825119328643999950e+00 4.355785771089999980e-01
6.027634514009999611e-01 1.775580759030999989e+00 3.564409726719999782e-01
6.056327042760000223e-01 1.815069340008000021e+00 3.912630161369999859e-01
5.716451204729999791e-01 1.756839843369000009e+00 3.999224452810000163e-01
6.416539040459999788e-01 1.782502476564999938e+00 2.851317893409999749e-01
4.169179997399999893e-01 1.817730975189000064e+00 7.745654445309999581e-01
5.175565000199999766e-01 1.734029325917999964e+00 4.855412096350000262e-01
6.251041621270000403e-01 1.864491134092999935e+00 4.028196233099999857e-01
5.414477544469999959e-01 1.701510765280999982e+00 4.039211120680000211e-01
7.037604661220000501e-01 1.889471176011999987e+00 2.698882833660000147e-01
4.976359542850000151e-01 1.711559515278999966e+00 5.026064126699999468e-01
4.245754886009999729e-01 1.876643462587999966e+00 8.197060947680000487e-01
5.433761643450000234e-01 1.713102129818000030e+00 4.119522700120000214e-01
9.651672023359999519e-01 1.890451093073999944e+00 -2.562613453770000160e-01
1.162931915127999982e+00 1.687115499571999910e+00 -8.641779835089999917e-01
1.016867633933999926e+00 1.898811979620999901e+00 -3.519233782910000108e-01
1.236554841427000007e+00 1.745687544958000048e+00 -9.524144662479999690e-01
1.608160589624999970e+00 1.889940631903999968e+00 -1.553457827991999940e+00
1.278260142311000047e+00 1.804448769281000065e+00 -9.760907725599999862e-01
1.500520138870000020e+00 1.732262473792000046e+00 -1.498537156577000040e+00
1.445281895251999904e+00 1.892590767770000015e+00 -1.222268568387999910e+00
1.378416847238999932e+00 1.771723666770999905e+00 -1.211721490281000069e+00
9.811032131500000419e-01 1.841186966061000074e+00 -3.390591266540000093e-01
8.403268092790000532e-01 1.747531338933999923e+00 -1.514781145449999866e-01
1.258333681872999987e+00 1.789477916435000093e+00 -9.513020608540000422e-01
1.062011769963000063e+00 1.838021126676999906e+00 -5.054763195689999655e-01
9.670080378569999580e-01 1.794063539501000060e+00 -3.590941031579999998e-01
8.655533175399999779e-01 1.802654231380999894e+00 -1.456644956479999919e-01
1.317509488123000061e+00 1.834830073995000088e+00 -1.023998952811000063e+00
1.541673755794999989e+00 1.828933012705000083e+00 -1.482116743666000103e+00
1.327247168333000049e+00 1.813468027045999964e+00 -1.065603866540999922e+00
1.502143367601999957e+00 1.864249894831000010e+00 -1.366080835126000093e+00
1.405928893106999977e+00 1.820351212045999922e+00 -1.217196440196999907e+00
1.462703967868000055e+00 1.825910417411999997e+00 -1.325973205189999948e+00
1.340397706152000046e+00 1.838229736673999914e+00 -1.066659672120999991e+00
1.596794690886000012e+00 1.846062191768000016e+00 -1.575659716851999903e+00
1.500718519000999951e+00 1.846371410199000085e+00 -1.381592866659999919e+00
1.488946488083999986e+00 1.810569669691000083e+00 -1.394670038441000015e+00
1.338148584362000015e+00 1.854590784433999939e+00 -1.045299110388000052e+00
1.587204560656999996e+00 1.810236719411999928e+00 -1.593161351900999945e+00
1.451299340677999927e+00 1.851860308597000015e+00 -1.276288770859000055e+00
1.555526331275999929e+00 1.822193359961999937e+00 -1.516982832977000095e+00
1.509007425904000055e+00 1.840115906739999918e+00 -1.404741289309999974e+00
1.670518083081999894e+00 1.872573030409000028e+00 -1.697069061364000042e+00
8.585775787029999995e-01 1.773544537290000056e+00 -1.615321620309999873e-01
9.886258932300000246e-02 1.761622307754999950e+00 1.358261911814000023e+00
7.748248322270000488e-01 1.818624403340000084e+00 5.372311709600000040e-02
1.522007906830999957e+00 1.777564930567000046e+00 -1.495282810885000035e+00
1.381788437855000051e+00 1.800230160753000019e+00 -1.189205939532000045e+00
3.139996176529999961e-01 1.755209612315000056e+00 9.178183531310000198e-01
-5.839041523350000373e-01 7.330983520179999990e-01 1.677454678599999971e+00
-1.707483925960000093e+00 -1.548905285732000037e+00 1.596578137729999902e+00
-3.404557985509999996e-01 1.277868877071000053e+00 1.746729315982999964e+00
-1.291247335065000001e+00 -6.907919423349999644e-01 1.639632283762000098e+00
-1.157174244296000021e+00 -3.933022201099999893e-01 1.675182833834000018e+00
-5.497856036329999974e-01 8.534819331249999808e-01 1.732447525980000069e+00
-1.538851549632999971e+00 -1.170841593098999933e+00 1.645294377272999986e+00
-6.709307922739999874e-01 5.387755286769999596e-01 1.653121506810999897e+00
-1.056941260129999893e+00 -2.003338584840000103e-01 1.671490998507999981e+00
-1.209102221963000101e+00 -5.107474958080000516e-01 1.659126405115999958e+00
-6.705694775960000520e-01 5.661062260779999855e-01 1.680498497140000103e+00
-1.390981274577000049e+00 -8.842410538560000477e-01 1.641823356106000054e+00
-1.044041047104000031e+00 -1.548417259950000124e-01 1.692258209226999988e+00
-8.548056235040000228e-01 2.071874909510000029e-01 1.682936876140999960e+00
-1.235891496538999990e+00 -5.726209416130000340e-01 1.649522331200000025e+00
-1.266227535997999976e+00 -6.670930974480000497e-01 1.613547720474000080e+00
-1.362561637578999951e+00 -7.898046759979999720e-01 1.681625824651999945e+00
-9.400185431290000171e-01 7.316473614400000047e-02 1.716955923161000097e+00
-7.145140861309999813e-01 4.405261271149999991e-01 1.639977193036000092e+00
-1.281308847215000046e+00 -5.919712708409999857e-01 1.721212760807000031e+00
-7.446601072180000225e-01 3.967895571050000236e-01 1.655793515283999984e+00
-1.152822865544999908e+00 -3.713458367829999829e-01 1.688986696426999945e+00
-8.055233406070000379e-01 2.776755293420000159e-01 1.656040009912999933e+00
-1.132083329119000004e+00 -3.342702460870000114e-01 1.685289810577000003e+00
-8.243684189719999722e-01 2.528327529609999957e-01 1.668496158816000108e+00
-9.135981691969999874e-01 8.913863218400000510e-02 1.680102956745999965e+00
-9.111052513199999758e-01 5.115763615499999833e-02 1.636017797872000079e+00
-1.049890194790999987e+00 -1.541250429029999980e-01 1.704790704981000049e+00
-1.036463394279999894e+00 -1.708920897710000109e-01 1.660471532986000032e+00
-8.856716156789999905e-01 1.392813977790000046e-01 1.675350285976000109e+00
-9.230687460600000005e-01 2.444735890800000047e-02 1.632675975201999918e+00
-7.591106392609999753e-01 4.169907435210000179e-01 1.705708672032999917e+00
-1.127140984399999990e+00 -3.535435104810000229e-01 1.655503260316999903e+00
-1.055083771629999889e+00 -2.194610283750000057e-01 1.648075659294000017e+00
-8.409021451120000101e-01 2.894850679920000225e-01 1.739529899636000021e+00
-1.048079712484000003e+00 -2.007359332139999897e-01 1.653207173743999947e+00
-5.946785724099999948e-01 7.045703585179999839e-01 1.669845692233999923e+00
-8.269454484299999519e-01 2.471851009359999907e-01 1.667885256996999965e+00
-1.417875503355999989e+00 -9.005291639510000223e-01 1.679308783186999943e+00
-1.191084372913999934e+00 -4.649317665480000028e-01 1.669906074757000036e+00
-5.610504894640000462e-01 7.726792406010000169e-01 1.672070741266999949e+00
-9.447916931159999754e-01 2.051447670499999959e-02 1.672438450712000035e+00
-1.446878825340000008e+00 -9.937050588689999575e-01 1.641979606138000092e+00
-1.124480372687999941e+00 -3.323209333230000007e-01 1.671962140575999900e+00
-7.235419190830000291e-01 4.656802829689999923e-01 1.684050245766999909e+00
-9.476863473019999651e-01 5.404008298299999707e-02 1.712752041424999927e+00
-1.227996549843000107e+00 -5.886990472599999968e-01 1.617067266210999943e+00
-1.362450265479000056e+00 -7.500890330120000282e-01 1.722242958080000053e+00
-7.048999800190000053e-01 4.511104864969999739e-01 1.631473686044000004e+00
-7.712264712199999872e-01 4.112442332160000102e-01 1.724232222479000098e+00
-1.407200651334999941e+00 -9.706598031700000018e-01 1.585662590429000041e+00
-1.226375164271999996e+00 -4.906616067030000194e-01 1.714614716642999914e+00
-4.763331753999999751e-01 9.308835415239999911e-01 1.663918323334000027e+00
-8.932994364299999823e-01 1.077585901580000033e-01 1.658316084998999962e+00
-1.616479411210999917e+00 -1.259734726071999988e+00 1.710426478985999976e+00
-1.001788924123000024e+00 -1.175997990190000009e-01 1.645349723050000046e+00
-4.719455256080000161e-01 1.015239057580000104e+00 1.741817420000999928e+00
-1.041964399812999931e+00 -1.919653234689999988e-01 1.649894217766999960e+00
-1.601533202171000037e+00 -1.278783930254999923e+00 1.660696376646999983e+00
-8.503997258959999916e-01 2.202174623910000129e-01 1.687451286394999972e+00
-5.248099821660000552e-01 8.265868566659999583e-01 1.654423605899999927e+00
-1.326728798822000011e+00 -6.801743313220000031e-01 1.722103474709999915e+00
-1.243431768323000064e+00 -6.147672078539999641e-01 1.621386904510000004e+00
-9.265254845310000320e-01 1.125168377219999960e-01 1.730213467788999981e+00
-5.133754667869999677e-01 8.085164755360000344e-01 1.612781821833999985e+00
-1.081838456745999988e+00 -1.747493243450000122e-01 1.748009064641999899e+00
-1.516823488593999958e+00 -1.187472743088999971e+00 1.583769505095999897e+00
-9.454427527930000519e-01 7.636290468900000517e-02 1.731183326315000048e+00
-4.293678925739999874e-01 9.981844947979999771e-01 1.638416508618999901e+00
-1.123819307747000007e+00 -3.020536938949999750e-01 1.701754453211999918e+00
-1.386990244074000067e+00 -8.742358650770000184e-01 1.644063848080000056e+00
-1.204421975638999998e+00 -4.514103830949999785e-01 1.710707678983999891e+00
-1.481508760802999980e+00 -1.087120230273000088e+00 1.615751093957999984e+00
-1.428250724726999987e+00 -8.934730095849999776e-01 1.707487855874999960e+00
-1.366832583492999964e+00 -8.404152961090000096e-01 1.638193069458999895e+00
-1.451934611271999964e+00 -9.462514214499999632e-01 1.700974314710999913e+00
-1.090392267708000018e+00 -2.610754062069999826e-01 1.676485081765999974e+00
-1.552994991650000101e+00 -1.181018306161000009e+00 1.663351025722999976e+00
-1.115753985842000029e+00 -2.635427169010000070e-01 1.725092691636000097e+00
-5.226696936679999794e-01 8.228232412670000162e-01 1.646237135410000052e+00
-8.157172028310000211e-01 2.706553525129999915e-01 1.669377903380999895e+00
-7.106400899179999842e-01 5.119253803969999739e-01 1.705588511631999982e+00
-7.109933716299999817e-01 4.356056145939999902e-01 1.627817232241000056e+00
-5.970162520399999728e-01 7.128330539010000466e-01 1.683056870619999978e+00
-6.655380001370000409e-01 5.698624217479999476e-01 1.674214630675000093e+00
-7.058463766710000309e-01 4.937060330829999844e-01 1.677185493687000095e+00
-7.863428627009999561e-01 3.407922971440000004e-01 1.682266689119999992e+00
-9.274786026729999744e-01 4.970150735300000316e-02 1.667539164996999945e+00
-7.623269334250000195e-01 3.610284067299999733e-01 1.654645630305999982e+00
-8.737204342340000318e-01 1.914144310339999933e-01 1.704860524999000093e+00
-7.684698272309999911e-01 3.151812952179999794e-01 1.619886449181000110e+00
-8.109561012270000147e-01 3.600107641379999834e-01 1.751665551786000030e+00
-8.675640772179999960e-01 1.187362527540000018e-01 1.617706635940000082e+00
-1.018336319834999948e+00 -6.476329368600000636e-02 1.733054102109000016e+00
-1.390790043800000042e+00 -9.320259364770000499e-01 1.592297956082000088e+00
-1.343464407234999936e+00 -7.089425091150000080e-01 1.726268929091000048e+00
-1.208274054789000074e+00 -5.537022926050000349e-01 1.613283584793999914e+00
-1.483208444621999966e+00 -9.904716137810000154e-01 1.718567667804000054e+00
-1.262573180113000015e+00 -6.825494595659999941e-01 1.590283676269000024e+00
-1.193826877807999898e+00 -4.240397286609999816e-01 1.717488135770999902e+00
-1.170068048285999973e+00 -4.424334794929999926e-01 1.650660388943000045e+00
-1.231621495665000010e+00 -5.143094122769999998e-01 1.700876250654000055e+00
-1.188148580371999996e+00 -5.194139575439999934e-01 1.607958742337000091e+00
-1.613133481081999943e+00 -1.200231089207999924e+00 1.764869803617999944e+00
-1.350155849652000084e+00 -8.011216386589999905e-01 1.644970258480999981e+00
-1.447071165502999968e+00 -9.537780932239999787e-01 1.683426525390999906e+00
-1.442676458723000099e+00 -9.722286088749999555e-01 1.655590427951999954e+00
-1.500015357065999977e+00 -1.094312560739000073e+00 1.645675555346000074e+00
-1.472271415433999975e+00 -1.011765936478000061e+00 1.674613770734999951e+00
-1.591000503257999910e+00 -1.249315618108000070e+00 1.669759802234999979e+00
-1.106897241878000093e+00 -3.166558871310000134e-01 1.652612904086999901e+00
-6.608751411509999896e-01 5.895246604139999791e-01 1.685031164710999896e+00
-6.578559736739999497e-01 6.019812973500000552e-01 1.691752488194000037e+00
-9.401826481239999866e-01 -4.984672017000000253e-03 1.636921627256999967e+00
-4.441623619319999827e-01 1.075732362554000066e+00 1.747997927102000082e+00
-9.083800011260000362e-01 3.332296560700000188e-02 1.612181661948999922e+00
-1.596767257780000060e+00 -1.211329886197000105e+00 1.720451906677999965e+00
-1.563820449414000002e+00 -1.219689031419999958e+00 1.645414647129000096e+00
-9.997522050830000007e-01 -4.235309423400000078e-02 1.718622667441999985e+00
-3.693126456040000116e-01 1.129567976451999911e+00 1.652416751609000034e+00
-1.072245410617000072e+00 -1.926752854479999999e-01 1.710229334075999974e+00
-5.856767729459999572e-01 6.463079286839999993e-01 1.591778123107000065e+00
-7.639167181129999928e-01 4.473981328170000271e-01 1.746670244711000075e+00
-9.270718296519999679e-01 6.128002801000000284e-03 1.621909884979999994e+00
-4.638986905870000066e-01 1.012815917431999946e+00 1.723098188663999997e+00
-8.573578354480000385e-01 1.575003835559999898e-01 1.636987790115000063e+00
-4.901859513049999784e-01 9.670369797529999589e-01 1.729032591893000070e+00
-6.819303146780000269e-01 4.654442537719999939e-01 1.599892845574000022e+00
-7.619034951959999802e-01 4.968340560789999971e-01 1.793447959167000061e+00
-5.411115657739999918e-01 7.459305622480000286e-01 1.604354461773999985e+00
-4.540157674040000146e-01 1.038120645470000047e+00 1.729190326074000028e+00
-5.527882410259999935e-01 7.809073457809999619e-01 1.663870351039999917e+00
-6.986829156189999779e-01 5.368867428860000235e-01 1.707144577256999973e+00
-7.070030054660000340e-01 4.668079904710000227e-01 1.651857269668000061e+00
-5.626627685849999727e-01 8.376790614679999747e-01 1.742164897279999902e+00
-4.503128942479999730e-01 9.684380966450000239e-01 1.650064741481999997e+00
-8.070596014149999942e-01 3.056717259169999812e-01 1.687928052209999974e+00
-1.423028303346999923e+00 -9.729630382299999658e-01 1.615212366004999955e+00
-1.657145712351000055e+00 -1.349458261314999907e+00 1.700167313574000083e+00
-1.017843462294999890e+00 -1.228332006700000034e-01 1.672343793517000021e+00
-3.264255076979999948e-01 1.205670168316000046e+00 1.644189780485000085e+00
-1.098862174356000088e+00 -2.458214732129999913e-01 1.709252079907999988e+00
-1.674185437525999909e+00 -1.436667100698999944e+00 1.644848384609999936e+00
-1.168928703716999973e+00 -3.442042526060000163e-01 1.749377155751000057e+00
-1.570490074814000048e+00 -1.272609747154000104e+00 1.604443514956999994e+00
-1.288467728052000050e+00 -6.474729506340000107e-01 1.678574125649000104e+00
-1.433954997068999981e+00 -9.870418645740000052e-01 1.622769311774999945e+00
-1.436947634807000052e+00 -9.262974763079999674e-01 1.691271032915999895e+00
-1.143874991878000014e+00 -4.474501781720000015e-01 1.592680079269999993e+00
-1.636571135580999981e+00 -1.300385112310000091e+00 1.709140821662999965e+00
-1.172116610211999976e+00 -4.192572500510000078e-01 1.678624915482999969e+00
-1.548177217324000043e+00 -1.178269366150999975e+00 1.656462301598000009e+00
-1.200203783457999940e+00 -4.612154068000000051e-01 1.692118167537999929e+00
-1.258162215353999969e+00 -6.505415793359999865e-01 1.614303870699999921e+00
-1.437078285115999998e+00 -9.529584577570000548e-01 1.664117585719999903e+00
-1.386551526994000083e+00 -8.647572689350000452e-01 1.652926473046999911e+00
-1.335642228098000039e+00 -7.567555462899999696e-01 1.661325874232000066e+00
-1.220813162932000040e+00 -4.897614400729999873e-01 1.704323978552999996e+00
-1.333077195496999989e+00 -7.999799880789999484e-01 1.611703170725999890e+00
-1.406656581797000038e+00 -8.438211411520000205e-01 1.715000417534999988e+00
-1.176583068857999903e+00 -5.137210068280000375e-01 1.590489899385000072e+00
-1.286600952828000022e+00 -6.054611683630000130e-01 1.718012526205999979e+00
-1.335438010190000080e+00 -8.193103755659999488e-01 1.596585554875999957e+00
-1.393140759640999926e+00 -7.893783266789999864e-01 1.743730647186999994e+00
-1.218121737584999975e+00 -6.078160910030000474e-01 1.577494466976000043e+00
-1.343473855759999891e+00 -6.703577991329999763e-01 1.765966712340000022e+00
-1.274229058133999892e+00 -7.006079205570000523e-01 1.595218635659999995e+00
-1.340033440240999907e+00 -7.046595157660000552e-01 1.723754413960999932e+00
-1.503877039774000002e+00 -1.164784714022000012e+00 1.580992791836999922e+00
-1.313748657871000036e+00 -6.298797592599999495e-01 1.747648107891000002e+00
-1.203938069759000085e+00 -5.592565085959999571e-01 1.598827864091000084e+00
-1.591178699250000106e+00 -1.241497823628999964e+00 1.678158613204999927e+00
-1.556319499815000063e+00 -1.234652981018000029e+00 1.614899869972000079e+00
-1.147495493260000110e+00 -3.635789926049999843e-01 1.686230488582000087e+00
-4.058596622330000181e-01 1.028752344779999994e+00 1.622443967668000031e+00
-8.344103088840000293e-01 2.903049470499999840e-01 1.727281476459999965e+00
-1.561620155853999936e+00 -1.239270849431999943e+00 1.620840462245999980e+00
-1.388265851939999962e+00 -8.650229965219999873e-01 1.656110348334999927e+00
-4.994314586240000131e-01 9.273492296130000367e-01 1.706864196701000091e+00
-7.960136651050000456e-01 3.245637569679999945e-01 1.685080316642000087e+00
-8.536927274969999813e-01 1.829031282820000048e-01 1.655719676719999978e+00
-8.510792749879999564e-01 2.192848795909999871e-01 1.687862651836000039e+00
-9.117142105479999481e-01 3.445207219199999948e-02 1.620066607073000098e+00
-1.027322100546000039e+00 -8.806452173199999511e-02 1.727213078351000020e+00
-9.626482126009999751e-01 -7.768685973500000230e-02 1.607462508236999987e+00
-9.760144990919999985e-01 -1.137899518299999996e-02 1.702605129673000040e+00
-9.628582761959999514e-01 -1.304353407499999999e-02 1.674362329083999956e+00
-9.170353176750000168e-01 5.142674412800000289e-02 1.648253210078999942e+00
-9.946699924230000267e-01 -4.636699819000000139e-02 1.704246076815000066e+00
-9.968154253769999640e-01 -7.264883174099999452e-02 1.681545573173000019e+00
-9.586973755230000505e-01 4.689151160000000029e-04 1.679866962161000066e+00
-1.021956743954999913e+00 -1.125517091199999958e-01 1.691211718069000058e+00
-6.874296531350000405e-01 4.912941507349999903e-01 1.637565743426999898e+00
-5.080571363970000087e-01 9.080329516959999570e-01 1.704394921353000081e+00
-4.970712533259999955e-01 9.020656868280000351e-01 1.676104141296999916e+00
-6.166921716080000504e-01 7.015330529800000159e-01 1.711115271441000063e+00
-6.428742437590000414e-01 6.093392832530000192e-01 1.669106685420000069e+00
-5.462496780690000442e-01 8.143803942670000406e-01 1.685106705463000010e+00
-5.083992790410000184e-01 9.191273309769999456e-01 1.716493838065000110e+00
-5.388956666540000162e-01 7.925284748430000414e-01 1.647804977140000071e+00
-1.163000004583000013e+00 -3.625076670419999925e-01 1.718598854968000023e+00
-1.695289585292999890e+00 -1.530100572332999898e+00 1.591324716709999976e+00
-1.279319668245000097e+00 -5.975189369050000199e-01 1.711496385298000078e+00
-1.281338486190999992e+00 -7.170407475710000034e-01 1.592656872397999912e+00
-1.454028963941000008e+00 -9.392858230939999942e-01 1.712360921229000077e+00
-1.449840722885000099e+00 -1.007545866205999952e+00 1.633719374375000033e+00
-1.529530810535999930e+00 -1.127338011638000070e+00 1.671235083011999967e+00
-1.543982652780000020e+00 -1.134986936725999929e+00 1.692513116788000094e+00
-1.163090162555999951e+00 -4.789349238160000022e-01 1.599052269059000109e+00
-1.374000892470000013e+00 -7.552041541330000163e-01 1.740275997846000067e+00
-1.395292870717000033e+00 -1.006657624752000046e+00 1.524630661845999935e+00
-1.576285721842999976e+00 -1.104125643649999988e+00 1.789392367517000038e+00
-1.412212203638999908e+00 -1.007589865479999958e+00 1.557791807052000044e+00
-1.540160976859000108e+00 -1.049947586805999977e+00 1.772256789202999894e+00
-1.478626979421999943e+00 -1.089276447967000072e+00 1.607722289512999891e+00
-1.513418304840000062e+00 -1.065599033200000045e+00 1.702231833074000056e+00
-1.449249255687999893e+00 -1.066865800343999915e+00 1.571524737807000083e+00
-1.519721961939000110e+00 -1.035356108847000023e+00 1.746044319728000005e+00
-1.463380361732000035e+00 -1.054131666453999916e+00 1.613116963503000045e+00
-1.550703810731000054e+00 -1.131645177975000083e+00 1.709503629732999963e+00
-1.232424595272000101e+00 -5.952544520770000069e-01 1.619255664163999908e+00
-8.207113646170000054e-01 3.315925434549999995e-01 1.742114201763000025e+00
-3.819941211830000238e-01 1.077673786140999956e+00 1.624624851347999943e+00
-6.463838481039999584e-01 6.214940780740000337e-01 1.688683642238999916e+00
-1.000895399145000031e+00 -7.582316824599999450e-02 1.686508977918000030e+00
-7.117022946109999859e-01 4.800817524100000067e-01 1.674984059330999919e+00
-3.521665680350000160e-01 1.185967552538000014e+00 1.675838388662000078e+00
-8.292258845729999495e-01 2.792850554760000215e-01 1.705494130783000051e+00
-7.772359886080000280e-01 3.369914119269999953e-01 1.659992955482000099e+00
-4.211870276979999828e-01 1.080089858180999896e+00 1.706146518805000012e+00
-6.265743972420000363e-01 5.913909309679999948e-01 1.617778879534000014e+00
-4.348051435520000063e-01 1.109412116811999915e+00 1.763762699061000028e+00
-6.474169906569999799e-01 5.241224896459999449e-01 1.590634662295000057e+00
-4.031606633270000128e-01 1.147734576888999936e+00 1.739356938318000090e+00
-6.296098657269999510e-01 6.568810017270000357e-01 1.691247214037999935e+00
-4.165519533209999792e-01 1.050365661365000092e+00 1.666232360211999941e+00
-5.958934941169999888e-01 7.327799645100000481e-01 1.701305176925999918e+00
-4.151654475059999849e-01 1.084717022094999983e+00 1.698761657516999923e+00
-5.444725623270000314e-01 7.196756981570000544e-01 1.584133018781999969e+00
-4.063778301759999878e-01 1.172017459122000060e+00 1.770816124178000051e+00
-8.028390039010000478e-01 2.481179507259999861e-01 1.620231084972000080e+00
-1.375246153543000061e+00 -7.826004940890000094e-01 1.714614085290000034e+00
-1.130422635715000013e+00 -4.118939748200000084e-01 1.602116179153000086e+00
-7.014412625489999664e-01 5.892791793349999585e-01 1.766585062979999954e+00
-3.410213642789999833e-01 1.111041325503999921e+00 1.576312116024999987e+00
-1.042691545560999966e+00 -7.174335090199999987e-02 1.774991302464000054e+00
-8.860181108239999492e-01 7.732127887299999891e-02 1.612332116663000026e+00
-8.168890836609999928e-01 3.229053429829999988e-01 1.725472609374000044e+00
-7.473937202770000177e-01 3.490538101969999918e-01 1.612216934644999933e+00
-1.062033931004999987e+00 -1.424230704099999911e-01 1.741313739436000096e+00
-9.498728805859999458e-01 -2.480096379000000170e-02 1.636084960145999911e+00
-9.738189592499999492e-01 -2.323014984499999908e-02 1.685990387464999962e+00
-9.763389847950000311e-01 -4.374143532400000256e-02 1.669979458145999907e+00
-9.618574398110000256e-01 -3.062118644799999984e-02 1.654267981362999906e+00
-9.748626486949999448e-01 -3.128169925999999858e-03 1.708767054971999988e+00
-8.734567849019999608e-01 1.200697503400000032e-01 1.630961279000999964e+00
-9.260120392670000422e-01 1.197450258429999942e-01 1.736611179202000033e+00
-9.495176283840000009e-01 2.742586834599999857e-02 1.689076208384999944e+00
-7.752518820010000367e-01 3.410052867030000101e-01 1.660119454868000055e+00
-9.851763813189999830e-01 -5.081337061300000152e-02 1.680528653499999914e+00
-8.229443099879999446e-01 2.621788942750000184e-01 1.675235415073000000e+00
-4.057560161870000237e-01 1.076088316474000051e+00 1.670913074798999975e+00
-6.152755877769999771e-01 6.122332363739999561e-01 1.616426767447000090e+00
-1.075735282522999992e+00 -1.721948356499999888e-01 1.738328216198000042e+00
-7.210779513030000087e-01 4.274815209739999955e-01 1.639799527721000016e+00
-9.760169007090000459e-01 -4.377274021500000140e-02 1.669297745326000060e+00
-8.496240049219999646e-01 2.225976886870000004e-01 1.688334668620000034e+00
-7.909619578459999856e-01 3.108655871309999874e-01 1.660806393102999934e+00
-7.867245901849999612e-01 3.625455007410000041e-01 1.705406474701999908e+00
-9.579694610119999787e-01 -1.397263342000000085e-03 1.676479945691000006e+00
-8.159684420330000076e-01 2.530099345369999919e-01 1.651738825860999960e+00
-1.002068732686000052e+00 -5.597809796599999971e-02 1.709282893964999994e+00
-9.716376376180000385e-01 -8.210577545399999622e-02 1.621046529353999954e+00
-8.565175731170000528e-01 2.162294913789999939e-01 1.695687597815999981e+00
-9.645678555750000216e-01 -8.911910515899999774e-02 1.599577301490999970e+00
-9.254366092189999504e-01 1.540445927059999887e-01 1.770722843464999974e+00
-9.462630246050000027e-01 -7.036024782300000224e-02 1.581954204147000054e+00
-8.560808332099999474e-01 2.300311559290000030e-01 1.708999853367000110e+00
-9.684595588569999691e-01 -6.112601271299999972e-02 1.636212177540999901e+00
-1.009942897099000092e+00 -5.781953308900000116e-02 1.723268423029000074e+00
-9.498645838360000315e-01 -6.799843489000000074e-02 1.591645949636999902e+00
-8.523897866259999567e-01 2.587902244629999848e-01 1.731130919676000079e+00
-9.151239585260000364e-01 2.153290857300000152e-02 1.613657293936000103e+00
-9.672243421039999900e-01 2.942442547800000127e-02 1.726839096098000015e+00
-8.699418279149999655e-01 1.272198191180000104e-01 1.631225755820999934e+00
-1.137945163132999982e+00 -3.074601172720000108e-01 1.724681181196999979e+00
-1.579836162492000096e+00 -1.245234553900999908e+00 1.651442377676000106e+00
-1.467071263815000082e+00 -9.641519713959999516e-01 1.713091052406999992e+00
-6.737980897890000209e-01 4.872535937810000273e-01 1.605920976133000000e+00
-3.476829005489999735e-01 1.234265505201000090e+00 1.716463925743999974e+00
-5.965548674399999696e-01 6.955721498860000240e-01 1.664376120010000015e+00
-4.845224384099999781e-01 9.304860643950000343e-01 1.680024185199999964e+00
-8.481673839469999754e-01 2.439261211139999996e-01 1.707330394009000107e+00
-1.255007672265999963e+00 -6.367535790670000306e-01 1.622121305796000001e+00
-1.600497959691999927e+00 -1.272328983893000087e+00 1.665246656781000034e+00
-1.465751187459999993e+00 -9.959971280010000427e-01 1.677680879123000013e+00
-1.120581201136999994e+00 -3.034534413839999889e-01 1.693784996101999951e+00
-1.420723290298000041e+00 -9.439795344650000475e-01 1.640369330229999978e+00
-1.187910690153000104e+00 -4.478885744319999751e-01 1.681032401034000090e+00
-1.358837542642999940e+00 -8.626307279029999941e-01 1.599224810838000055e+00
-1.395530767401000016e+00 -7.960299307939999736e-01 1.741710176343999938e+00
-1.189810857017999934e+00 -5.457081846379999712e-01 1.584271152409000072e+00
-1.271542477276000005e+00 -5.310711819150000235e-01 1.764144562492000023e+00
-1.377346830960000101e+00 -9.091368271509999710e-01 1.588726241565000086e+00
-1.412019571812999974e+00 -8.857914033339999715e-01 1.682655241326999951e+00
-1.139432192227000096e+00 -4.141165528080000269e-01 1.617999409817999945e+00
-1.374952919378999994e+00 -8.365319749799999816e-01 1.658562106418000059e+00
-1.166451024287999960e+00 -4.413571447710000206e-01 1.644473088795999960e+00
-1.376308988237000097e+00 -7.833265043999999566e-01 1.716010820666999948e+00
-1.237654018898999952e+00 -5.731892036819999925e-01 1.652492289770000067e+00
-1.224983896237000103e+00 -4.892828903270000085e-01 1.713226869627000104e+00
-8.159941105410000173e-01 2.323965572770000099e-01 1.630592746687999917e+00
-3.088517194570000179e-01 1.318230007426999917e+00 1.724501502976999889e+00
-7.014229701809999717e-01 4.444453100329999740e-01 1.617607729209000089e+00
-1.326398084108000086e+00 -7.241186365449999718e-01 1.676246260941999910e+00
-1.660077177667000026e+00 -1.392125127436999898e+00 1.662202327509000099e+00
-1.089051485509000106e+00 -2.812843262949999978e-01 1.652999319572000081e+00
-5.180143097460000456e-01 8.888197794459999912e-01 1.704716792027000105e+00
-5.006282061619999890e-01 8.545056288879999684e-01 1.634368592246000063e+00
-4.202770344990000018e-01 1.078146202649999941e+00 1.702312645481000031e+00
-5.676308560339999865e-01 7.341491824820000067e-01 1.645718294172999974e+00
-4.365445881769999814e-01 1.038658120061999979e+00 1.694510358879999901e+00
-4.886793000349999860e-01 8.919559706690000089e-01 1.648784419644000021e+00
-6.439398307150000500e-01 6.570626071570000448e-01 1.720332023052999926e+00
-5.466556515289999751e-01 8.138556577100000133e-01 1.685385783762999967e+00
-3.605407528460000122e-01 1.160433492012000078e+00 1.666467868535000063e+00
-6.316487346350000420e-01 6.834727507400000235e-01 1.722704555650999891e+00
-4.784045972879999997e-01 8.510265970079999853e-01 1.585974404226000001e+00
-4.350754800630000085e-01 1.081972619130000091e+00 1.736090355421000098e+00
-6.808718007840000030e-01 4.820820278699999850e-01 1.614867744726000032e+00
-9.639233435840000030e-01 -2.053803709000000081e-03 1.687811492196999996e+00
-1.023475097960999891e+00 -9.478916003899999498e-02 1.712539839958000076e+00
-8.523845615399999742e-01 1.703547370419999929e-01 1.640177422170000066e+00
-9.639809707080000400e-01 8.802402102999999992e-03 1.699091723440999901e+00
-1.034207502819999958e+00 -1.092346006249999973e-01 1.719327970344999956e+00
-8.645450621689999560e-01 1.101582111200000019e-01 1.602797177318999955e+00
-9.329489830620000257e-01 1.207922264220000069e-01 1.751677232218000091e+00
-9.936421244580000423e-01 -1.372875914960000054e-01 1.608674732224999904e+00
-8.603482399690000060e-01 2.724036711630000163e-01 1.761179512121999968e+00
-9.682170485269999682e-01 -1.138617797879999949e-01 1.581492105948999916e+00
-7.999858116700000465e-01 3.669264148759999733e-01 1.736654411781000107e+00
-9.902143941919999692e-01 -7.852268895000000248e-02 1.662193417122999950e+00
-7.211187716710000251e-01 4.323337667620000269e-01 1.644871671678000080e+00
-1.014142976343000102e+00 -1.216903225579999970e-01 1.666056612695000050e+00
-7.991475893660000551e-01 3.212144391780000219e-01 1.687955958989999949e+00
-9.154156718270000104e-01 6.183553079600000169e-02 1.655690918602999995e+00
-8.684063308599999642e-01 2.015516091189999970e-01 1.704568617105999939e+00
-8.007680716599999693e-01 2.977708132749999903e-01 1.667115512130000088e+00
-1.057948623558000012e+00 -2.484199697849999999e-01 1.624072934590000017e+00
-1.782946222144000004e+00 -1.563208409435000057e+00 1.734048034795999893e+00
-1.250132418513999921e+00 -5.495126333450000011e-01 1.702004334179999967e+00
-5.413801373779999482e-01 7.589388300160000433e-01 1.618273168161000086e+00
-3.871046603380000062e-01 1.134883331785000005e+00 1.693762500512000058e+00
-6.458359287770000234e-01 5.836649620660000481e-01 1.648676987346000100e+00
-2.925953895210000044e-01 1.289969184650999967e+00 1.662656586216000099e+00
-6.575111946780000105e-01 6.004935761959999674e-01 1.689527297376999915e+00
-2.422364457470000121e-01 1.345178401117000044e+00 1.617876474076999971e+00
-5.454541096970000336e-01 8.526654469079999465e-01 1.722872924025999897e+00
-4.212570981009999826e-01 1.114024156383000008e+00 1.741184285027000067e+00
-5.269393019120000021e-01 8.352270125549999813e-01 1.667602765060000047e+00
-3.955774084170000093e-01 1.131512536625000065e+00 1.707382420664000033e+00
-3.445095732969999935e-01 1.267370065044999938e+00 1.744107735840999984e+00
-4.581449788160000258e-01 9.017043789419999511e-01 1.597233192854000006e+00
-3.164779584060000150e-01 1.277539734165000107e+00 1.698036714919999968e+00
-6.396298179989999833e-01 6.525050982200000238e-01 1.706953645950000098e+00
-1.355338987522000105e+00 -7.414187348370000485e-01 1.716818365566999960e+00
-1.745585557250999953e+00 -1.550520616572000021e+00 1.671753412699999997e+00
-9.992961139989999797e-01 -9.751546114100000107e-02 1.660976482311000035e+00
-3.553606621000000021e-01 1.201541469728999889e+00 1.698295149143000060e+00
-4.927822927830000088e-01 9.623283601209999816e-01 1.729426292459000036e+00
-2.114897211550000045e-01 1.410438463446999968e+00 1.622982525707999946e+00
-4.954303968529999991e-01 8.741853736519999973e-01 1.644124338699000099e+00
-2.878699248029999991e-01 1.329728631945999995e+00 1.694013907261999963e+00
-3.154089314130000266e-01 1.304021719934000068e+00 1.723113744651000090e+00
-4.152569657099999811e-01 1.077619946705999920e+00 1.691647910985000003e+00
-1.228109193209999894e+00 -5.464301410790000091e-01 1.660761810741999911e+00
-1.798885256109999942e+00 -1.819329209101999911e+00 1.502808194003999898e+00
-5.588082994590000130e-01 -4.966397563759999967e-01 3.622402179950000023e-01
7.112099073840000285e-01 5.946522765639999930e-01 -1.076666191549999985e+00
3.918756125719999872e-01 4.517804087630000187e-01 -5.796139618840000507e-01
2.309666887369999921e-01 8.630636357399999736e-02 -6.309588383480000395e-01
7.338425540040000028e-01 8.038084546020000110e-01 -9.072210477309999854e-01
-1.259648568400000002e-02 -1.354303696539999879e-01 -3.678089321069999973e-01
2.365261584899999991e-01 2.599713692949999766e-01 -4.635811100619999792e-01
6.224654084609999583e-01 5.409392989779999716e-01 -9.529384444670000454e-01
1.302064159790000120e-01 1.403394638040000031e-01 -3.721987970889999997e-01
5.854428058280000124e-01 5.410295301019999448e-01 -8.781852363359999858e-01
3.411603069210000228e-01 3.002553911770000084e-01 -6.331619144860000103e-01
1.692433406309999944e-01 1.349509550219999965e-01 -4.564626251469999785e-01
6.937107446720000015e-01 6.323326628659999837e-01 -1.002628313805999927e+00
2.093919868799999917e-01 1.950588606560000049e-01 -4.756148901789999939e-01
4.164566801730000267e-01 3.660752175390000196e-01 -7.173198168269999675e-01
2.452173533710000075e-01 2.236702268759999945e-01 -5.184383375109999914e-01
3.701919724489999841e-01 3.644089849819999727e-01 -6.257350861839999778e-01
3.906545131790000180e-01 3.082299809519999934e-01 -7.247720850650000157e-01
2.602270886320000032e-01 2.751779399779999968e-01 -4.957390811219999915e-01
4.065645691709999787e-01 3.401293455839999869e-01 -7.240527486409999991e-01
4.438480317649999840e-01 4.378703473710000016e-01 -6.987269013400000395e-01
5.199927589649999682e-01 5.036162764279999982e-01 -7.846716014440000553e-01
4.682574003180000055e-01 4.014584272180000135e-01 -7.853955874379999758e-01
1.504154686780000139e-01 1.693380619269999887e-01 -3.831319054890000020e-01
