9.986188104880000527e-01 4.512999999999999615e-09 9.999999999999999799e-13
9.984106229789999620e-01 5.998379000000000087e-06 0.000000000000000000e+00
9.980835040950000181e-01 2.339963740000000104e-04 0.000000000000000000e+00
9.987183722619999982e-01 1.599999999999999968e-11 4.699999999999999926e-11
9.976222039659999874e-01 0.000000000000000000e+00 9.363900633999999723e-03
9.987189239620000158e-01 9.999999999999999395e-12 4.600000000000000271e-11
9.968134773450000319e-01 2.092658450500000170e-02 0.000000000000000000e+00
9.985803913020000477e-01 1.774400000000000060e-07 0.000000000000000000e+00
9.978627174859999727e-01 0.000000000000000000e+00 3.765918248999999916e-03
9.985532773769999482e-01 0.000000000000000000e+00 1.965433999999999943e-06
9.982677230169999527e-01 2.456535599999999994e-05 0.000000000000000000e+00
9.978033422859999835e-01 1.431651941000000074e-03 0.000000000000000000e+00
9.986990657800000060e-01 5.999999999999999960e-11 4.300000000000000014e-11
9.979895795190000252e-01 0.000000000000000000e+00 1.833909495000000077e-03
9.986744459709999688e-01 1.780000000000000057e-10 2.800000000000000024e-11
9.978575951350000528e-01 1.057300626000000051e-03 0.000000000000000000e+00
9.981488414700000478e-01 1.278343719999999869e-04 0.000000000000000000e+00
9.986632250960000290e-01 1.151000000000000058e-09 3.000000000000000142e-12
9.985335149440000002e-01 6.002320000000000242e-07 0.000000000000000000e+00
9.985296276799999760e-01 2.927550000000000033e-07 0.000000000000000000e+00
9.981769184280000484e-01 1.023264399999999994e-04 0.000000000000000000e+00
9.982075730530000079e-01 6.407956899999999736e-05 0.000000000000000000e+00
9.987071664140000360e-01 2.370000000000000088e-10 9.999999999999999799e-13
9.982631654510000230e-01 2.650770000000000033e-05 0.000000000000000000e+00
9.987171457410000119e-01 4.100000000000000059e-11 1.200000000000000057e-11
9.979075362539999716e-01 0.000000000000000000e+00 2.888182253999999841e-03
9.987067248969999644e-01 1.999999999999999960e-12 7.829999999999999845e-10
9.981681838420000119e-01 0.000000000000000000e+00 4.727035679999999976e-04
9.986852674060000545e-01 9.999999999999999799e-13 4.030000000000000352e-09
9.982161149210000417e-01 0.000000000000000000e+00 3.331266499999999998e-04
9.986637340830000209e-01 4.999999999999999697e-12 1.480999999999999952e-09
9.983054259000000430e-01 0.000000000000000000e+00 1.259094489999999984e-04
9.986318233500000030e-01 0.000000000000000000e+00 1.322329999999999904e-07
9.984494556140000032e-01 0.000000000000000000e+00 8.998319999999999594e-06
9.986141794980000208e-01 0.000000000000000000e+00 3.191129999999999803e-07
9.984075443390000304e-01 0.000000000000000000e+00 2.441895799999999959e-05
9.986709738910000134e-01 0.000000000000000000e+00 2.452199999999999949e-08
9.981916596150000043e-01 0.000000000000000000e+00 3.495778849999999914e-04
9.987176467139999847e-01 4.999999999999999697e-12 1.540000000000000110e-10
9.979129260750000396e-01 0.000000000000000000e+00 1.299174578000000021e-03
9.986386818029999723e-01 0.000000000000000000e+00 1.053100000000000013e-08
9.982078908599999467e-01 0.000000000000000000e+00 2.767574699999999854e-05
9.981848008500000535e-01 0.000000000000000000e+00 2.332456040000000061e-04
9.985220172830000518e-01 1.139999999999999941e-10 7.279999999999999676e-10
9.985262474070000227e-01 0.000000000000000000e+00 1.521804999999999908e-06
9.947041864090000463e-01 0.000000000000000000e+00 6.696309002200000193e-02
9.984275352070000054e-01 0.000000000000000000e+00 1.000092000000000080e-05
9.983148174629999927e-01 3.304807999999999903e-06 0.000000000000000000e+00
9.971897015339999948e-01 6.698514729000000154e-03 0.000000000000000000e+00
9.982555244449999865e-01 8.435659000000000747e-06 0.000000000000000000e+00
9.986592096859999712e-01 3.041000000000000149e-09 0.000000000000000000e+00
9.973976587049999676e-01 7.100084508000000134e-03 0.000000000000000000e+00
9.982864834650000407e-01 3.411210000000000159e-05 0.000000000000000000e+00
9.986711402889999478e-01 0.000000000000000000e+00 7.540000000000000019e-09
9.981945493030000005e-01 0.000000000000000000e+00 3.745923190000000069e-04
9.986954185190000111e-01 1.999999999999999960e-12 1.203000000000000085e-09
9.986183696410000366e-01 0.000000000000000000e+00 2.626309999999999911e-07
9.970477337549999985e-01 0.000000000000000000e+00 2.593914425800000062e-02
9.983382731729999460e-01 0.000000000000000000e+00 7.902357300000000635e-05
9.985998486010000397e-01 9.792000000000000597e-08 0.000000000000000000e+00
9.966710612019999971e-01 2.453964297000000086e-02 0.000000000000000000e+00
9.982813606139999685e-01 3.562750100000000006e-05 0.000000000000000000e+00
9.987051404629999629e-01 2.459999999999999777e-10 3.999999999999999920e-12
9.972223742629999776e-01 1.110072480500000000e-02 0.000000000000000000e+00
9.980262920839999552e-01 2.829252249999999742e-04 0.000000000000000000e+00
9.986226560409999786e-01 6.580000000000000025e-10 1.999999999999999879e-11
9.984173958680000460e-01 3.393220000000000099e-06 0.000000000000000000e+00
9.985636124629999610e-01 3.772799999999999876e-08 0.000000000000000000e+00
9.986455335610000539e-01 1.462200000000000017e-08 0.000000000000000000e+00
9.984388665969999854e-01 1.713547000000000011e-06 0.000000000000000000e+00
9.987056719189999487e-01 3.220000000000000254e-10 1.999999999999999960e-12
9.984707967520000116e-01 1.844400000000000078e-06 0.000000000000000000e+00
9.985986966859999869e-01 7.709899999999999442e-08 0.000000000000000000e+00
9.986571838059999928e-01 8.023999999999999588e-09 0.000000000000000000e+00
9.985518825729999826e-01 2.166620000000000114e-07 0.000000000000000000e+00
9.985641466339999495e-01 1.451140000000000115e-07 0.000000000000000000e+00
9.984648912660000208e-01 1.851975999999999986e-06 0.000000000000000000e+00
9.985359227019999784e-01 4.468339999999999895e-07 0.000000000000000000e+00
9.986404348020000432e-01 2.198000000000000061e-09 1.999999999999999960e-12
9.986755360389999447e-01 3.806999999999999778e-09 0.000000000000000000e+00
9.985286256919999603e-01 3.459600000000000089e-08 0.000000000000000000e+00
9.986703456419999680e-01 3.515999999999999853e-09 0.000000000000000000e+00
9.985953947950000353e-01 1.494600000000000029e-08 0.000000000000000000e+00
9.986416744620000285e-01 2.045399999999999906e-08 0.000000000000000000e+00
9.986141766849999657e-01 3.433400000000000158e-08 0.000000000000000000e+00
9.986686293719999608e-01 4.429000000000000319e-09 0.000000000000000000e+00
9.986176917479999693e-01 5.228099999999999679e-08 0.000000000000000000e+00
9.983806499130000178e-01 7.910153000000000700e-06 0.000000000000000000e+00
9.964348573629999706e-01 2.933346564200000131e-02 0.000000000000000000e+00
9.982580424310000256e-01 4.283918899999999795e-05 0.000000000000000000e+00
9.985854127019999638e-01 3.947100000000000318e-08 0.000000000000000000e+00
9.987027635180000251e-01 1.209999999999999957e-10 1.499999999999999990e-11
9.985599066550000513e-01 1.695369999999999914e-07 0.000000000000000000e+00
9.974949609750000112e-01 5.277509891999999578e-03 0.000000000000000000e+00
9.982152268420000363e-01 7.132650200000000104e-05 0.000000000000000000e+00
9.973433578529999899e-01 8.299054283000000323e-03 0.000000000000000000e+00
9.975385795510000042e-01 4.262505253999999619e-03 0.000000000000000000e+00
9.976237500329999675e-01 3.253030283999999803e-03 0.000000000000000000e+00
9.979829490299999550e-01 4.807173320000000002e-04 0.000000000000000000e+00
9.980220765109999448e-01 3.348586230000000024e-04 0.000000000000000000e+00
9.979220650419999838e-01 6.707861910000000342e-04 0.000000000000000000e+00
9.977928535960000067e-01 1.440601202999999960e-03 0.000000000000000000e+00
9.975001326119999900e-01 4.756698812999999963e-03 0.000000000000000000e+00
9.971241050789999560e-01 1.233265887400000066e-02 0.000000000000000000e+00
9.946296801739999971e-01 6.077159625100000268e-02 0.000000000000000000e+00
9.979733507310000196e-01 4.867572130000000045e-04 0.000000000000000000e+00
9.987009715439999491e-01 1.799999999999999923e-11 1.490000000000000025e-10
9.973194645280000215e-01 0.000000000000000000e+00 1.861486593799999839e-02
9.983682971589999955e-01 0.000000000000000000e+00 5.947168800000000237e-05
9.986801271520000522e-01 0.000000000000000000e+00 7.823999999999999452e-09
9.980495623520000414e-01 0.000000000000000000e+00 1.152445746000000043e-03
9.979568007060000134e-01 0.000000000000000000e+00 2.376765147000000147e-03
9.987132690250000167e-01 1.999999999999999879e-11 6.700000000000000128e-11
9.982247095830000250e-01 0.000000000000000000e+00 2.649699960000000219e-04
9.976386935579999449e-01 0.000000000000000000e+00 8.929919088999999782e-03
9.986333027579999966e-01 1.100000000000000079e-11 1.287000000000000002e-09
9.983478086429999898e-01 0.000000000000000000e+00 5.292766500000000243e-05
9.985090021260000226e-01 9.999999999999999799e-13 4.148699999999999953e-08
9.985113764170000517e-01 0.000000000000000000e+00 1.633926000000000016e-06
9.983694511940000016e-01 0.000000000000000000e+00 1.478107199999999989e-05
9.986346771899999863e-01 0.000000000000000000e+00 6.390700000000000441e-08
9.983537490560000505e-01 0.000000000000000000e+00 3.088253299999999809e-05
9.986801624590000426e-01 0.000000000000000000e+00 1.245300000000000073e-08
9.983471322139999549e-01 0.000000000000000000e+00 6.769944599999999678e-05
9.977262430169999696e-01 0.000000000000000000e+00 6.843749318000000130e-03
9.978552241710000326e-01 0.000000000000000000e+00 4.038867506000000385e-03
9.985726251390000252e-01 0.000000000000000000e+00 9.551890000000000970e-07
9.985768023859999953e-01 5.380000000000000033e-09 3.000000000000000142e-12
9.979860025600000295e-01 4.484413269999999925e-04 0.000000000000000000e+00
9.956685585279999584e-01 4.452179488400000162e-02 0.000000000000000000e+00
9.969788766970000271e-01 1.541927023400000048e-02 0.000000000000000000e+00
9.981541013319999989e-01 1.207697499999999934e-04 0.000000000000000000e+00
9.986734886020000035e-01 2.559999999999999949e-10 1.799999999999999923e-11
9.985636246089999446e-01 2.693949999999999847e-07 0.000000000000000000e+00
9.975765665300000418e-01 3.467400415999999895e-03 0.000000000000000000e+00
9.980545993630000057e-01 2.321092139999999951e-04 0.000000000000000000e+00
9.986998933949999824e-01 5.570000000000000411e-10 9.999999999999999799e-13
9.985272402029999883e-01 3.468900000000000046e-07 0.000000000000000000e+00
9.985656176270000239e-01 2.747569999999999767e-07 0.000000000000000000e+00
9.986912669469999448e-01 3.390000000000000184e-10 6.000000000000000283e-12
9.983186714139999918e-01 1.781772600000000167e-05 0.000000000000000000e+00
9.986680344389999853e-01 5.348999999999999623e-09 0.000000000000000000e+00
9.984658796780000456e-01 2.757579999999999736e-07 0.000000000000000000e+00
9.984765912449999892e-01 1.756048000000000055e-06 0.000000000000000000e+00
9.983525425749999460e-01 9.048806999999999641e-06 0.000000000000000000e+00
9.985408599580000155e-01 5.034270000000000252e-07 0.000000000000000000e+00
9.984670420700000326e-01 1.644300000000000079e-06 0.000000000000000000e+00
9.985079945699999460e-01 8.718229999999999578e-07 0.000000000000000000e+00
9.984685811340000550e-01 5.592999999999999856e-08 0.000000000000000000e+00
9.986654727679999954e-01 3.456999999999999953e-09 0.000000000000000000e+00
9.982583039779999723e-01 4.519573199999999915e-05 0.000000000000000000e+00
9.985644734259999655e-01 2.777690000000000039e-07 0.000000000000000000e+00
9.986451355280000497e-01 1.410000000000000042e-10 8.100000000000000463e-11
9.977520224839999674e-01 0.000000000000000000e+00 6.330544292000000149e-03
9.979796006169999734e-01 0.000000000000000000e+00 2.082015742000000065e-03
9.986547218189999464e-01 6.214999999999999735e-09 0.000000000000000000e+00
9.977311421000000236e-01 1.991417956000000183e-03 0.000000000000000000e+00
9.945679549550000553e-01 5.974044123200000084e-02 0.000000000000000000e+00
9.971597010480000023e-01 1.264088909300000070e-02 0.000000000000000000e+00
9.985975739529999728e-01 9.355899999999999755e-08 0.000000000000000000e+00
9.984087498710000341e-01 0.000000000000000000e+00 6.016186000000000136e-06
9.951778733739999883e-01 0.000000000000000000e+00 5.893156334500000010e-02
9.981909129460000418e-01 0.000000000000000000e+00 3.920104709999999975e-04
9.986946249520000096e-01 0.000000000000000000e+00 3.185999999999999958e-09
9.981399979060000538e-01 0.000000000000000000e+00 4.499904909999999825e-04
9.986650319930000519e-01 0.000000000000000000e+00 3.077500000000000260e-08
9.983147121269999591e-01 0.000000000000000000e+00 8.171778599999999376e-05
9.986752530379999770e-01 9.999999999999999799e-13 3.166000000000000027e-09
9.986285366249999518e-01 0.000000000000000000e+00 1.519280000000000089e-07
9.983406911319999688e-01 0.000000000000000000e+00 1.719283399999999877e-05
9.986481959359999605e-01 0.000000000000000000e+00 5.814799999999999897e-08
9.986172511630000415e-01 1.999999999999999960e-12 7.303999999999999593e-09
9.986065079720000126e-01 0.000000000000000000e+00 2.787400000000000197e-07
9.985514679810000294e-01 0.000000000000000000e+00 1.596830999999999908e-06
9.986371734660000055e-01 0.000000000000000000e+00 1.294910000000000046e-07
9.986568492209999537e-01 9.999999999999999799e-13 5.006000000000000291e-09
9.986158893059999819e-01 0.000000000000000000e+00 1.316670000000000103e-07
9.985793514980000340e-01 0.000000000000000000e+00 9.058569999999999567e-07
9.986130509259999455e-01 0.000000000000000000e+00 1.492479999999999875e-07
9.986058971569999887e-01 9.999999999999999799e-13 1.985599999999999926e-08
9.985690549969999941e-01 0.000000000000000000e+00 1.304604000000000080e-06
9.985805471140000167e-01 0.000000000000000000e+00 2.566739999999999861e-07
9.986705258889999604e-01 9.999999999999999799e-13 3.616999999999999814e-09
9.986315545380000103e-01 0.000000000000000000e+00 1.291480000000000127e-07
9.985481907869999674e-01 0.000000000000000000e+00 9.174499999999999997e-07
9.986780714309999585e-01 0.000000000000000000e+00 1.596599999999999884e-08
9.986541132549999755e-01 0.000000000000000000e+00 3.219200000000000133e-08
9.986590273480000501e-01 0.000000000000000000e+00 4.862000000000000126e-08
9.985726039510000041e-01 0.000000000000000000e+00 4.216020000000000188e-07
9.985428666779999629e-01 0.000000000000000000e+00 2.380426999999999799e-06
9.986572844600000165e-01 9.999999999999999799e-13 5.062000000000000097e-09
9.985735860350000159e-01 0.000000000000000000e+00 9.172339999999999666e-07
9.983693059289999727e-01 0.000000000000000000e+00 5.869205499999999688e-05
9.985559839840000285e-01 0.000000000000000000e+00 6.119690000000000187e-07
9.986719527089999993e-01 0.000000000000000000e+00 2.398700000000000164e-08
9.979607658650000435e-01 0.000000000000000000e+00 1.886346289000000046e-03
9.975162145970000172e-01 0.000000000000000000e+00 9.797342875000000090e-03
9.979376841599999493e-01 0.000000000000000000e+00 1.980138315999999815e-03
9.969232111029999732e-01 0.000000000000000000e+00 2.682517471400000172e-02
9.966880033270000272e-01 0.000000000000000000e+00 3.429410514899999818e-02
9.979831576000000037e-01 0.000000000000000000e+00 1.515284995999999912e-03
9.928454021439999666e-01 0.000000000000000000e+00 8.888578187500000005e-02
9.976624766180000048e-01 0.000000000000000000e+00 7.951274641999999532e-03
9.976174393850000266e-01 0.000000000000000000e+00 9.539800947000000308e-03
9.985151920510000334e-01 0.000000000000000000e+00 2.400868999999999950e-06
9.985233397010000456e-01 4.046999999999999777e-09 9.999999999999999395e-12
9.983013728099999762e-01 8.083148000000000218e-06 0.000000000000000000e+00
9.982284863070000069e-01 2.892283700000000153e-05 0.000000000000000000e+00
9.983987159599999606e-01 6.066369999999999654e-06 0.000000000000000000e+00
9.983793539869999512e-01 6.116068999999999972e-06 0.000000000000000000e+00
9.985189082540000260e-01 8.122720000000000091e-07 0.000000000000000000e+00
9.984662321330000090e-01 2.354452000000000018e-06 0.000000000000000000e+00
9.986109849859999832e-01 3.007599999999999747e-08 0.000000000000000000e+00
9.986915497389999841e-01 1.091000000000000058e-09 0.000000000000000000e+00
9.982538244440000152e-01 3.219204900000000014e-05 0.000000000000000000e+00
9.985480085090000513e-01 2.727870000000000193e-07 0.000000000000000000e+00
9.985838860219999891e-01 2.702499999999999880e-08 0.000000000000000000e+00
9.986994345730000333e-01 6.160000000000000442e-10 9.999999999999999799e-13
9.986401732530000297e-01 2.190000000000000089e-08 0.000000000000000000e+00
9.986158571680000540e-01 3.117000000000000052e-08 0.000000000000000000e+00
9.987039695380000026e-01 3.590000000000000011e-10 9.999999999999999799e-13
9.984727377819999639e-01 7.075999999999999967e-09 8.999999999999999617e-12
9.987052910960000363e-01 3.049999999999999807e-10 9.999999999999999799e-13
9.985374455340000344e-01 2.147190000000000052e-07 0.000000000000000000e+00
9.981311918509999659e-01 1.524312219999999986e-04 0.000000000000000000e+00
9.981124052519999568e-01 1.874543940000000092e-04 0.000000000000000000e+00
9.975030449289999934e-01 4.931856414999999730e-03 0.000000000000000000e+00
9.980300548839999841e-01 3.487466190000000047e-04 0.000000000000000000e+00
9.979523846419999789e-01 5.929850630000000483e-04 0.000000000000000000e+00
9.973949099690000430e-01 7.147875274000000355e-03 0.000000000000000000e+00
9.985079645269999693e-01 9.955020000000000954e-07 0.000000000000000000e+00
9.986360844160000472e-01 3.444000000000000101e-09 9.999999999999999799e-13
9.986948379379999574e-01 8.829999999999999493e-10 0.000000000000000000e+00
9.984359634249999615e-01 4.954579999999999622e-07 0.000000000000000000e+00
9.986757298580000164e-01 2.306999999999999995e-09 0.000000000000000000e+00
9.985486699529999566e-01 8.692500000000000578e-08 0.000000000000000000e+00
9.982419508109999784e-01 5.466250800000000245e-05 0.000000000000000000e+00
9.985893716279999888e-01 1.323890000000000084e-07 0.000000000000000000e+00
9.985700640160000141e-01 3.925500000000000310e-08 0.000000000000000000e+00
9.986813066080000301e-01 2.513999999999999797e-09 0.000000000000000000e+00
9.986721144739999501e-01 1.649999999999999989e-10 3.399999999999999891e-11
9.984766486249999629e-01 0.000000000000000000e+00 1.060612299999999955e-05
9.944702880939999545e-01 0.000000000000000000e+00 7.027069493599999439e-02
9.979449315430000134e-01 0.000000000000000000e+00 1.670749308000000089e-03
9.986564176100000134e-01 1.999999999999999960e-12 3.873999999999999650e-09
9.986614267969999847e-01 7.161999999999999877e-09 0.000000000000000000e+00
9.983269516930000087e-01 2.033792300000000013e-05 0.000000000000000000e+00
9.973653690420000162e-01 7.747357290999999993e-03 0.000000000000000000e+00
9.977882582460000371e-01 1.309599141999999916e-03 0.000000000000000000e+00
9.977887714909999817e-01 1.352596306000000042e-03 0.000000000000000000e+00
9.979832061319999781e-01 3.582648290000000051e-04 0.000000000000000000e+00
9.975240586860000258e-01 4.132761171999999733e-03 0.000000000000000000e+00
9.976034917270000246e-01 2.362819907999999785e-03 0.000000000000000000e+00
9.978769239600000507e-01 8.969708679999999733e-04 0.000000000000000000e+00
9.978357719639999734e-01 1.204927150999999998e-03 0.000000000000000000e+00
9.975578126909999677e-01 4.073143133999999888e-03 0.000000000000000000e+00
9.775640875269999697e-01 1.882931647699999933e-01 0.000000000000000000e+00
9.979456623410000171e-01 5.437392620000000435e-04 0.000000000000000000e+00
9.986600759670000160e-01 8.529999999999999495e-10 4.999999999999999697e-12
9.983923097689999526e-01 0.000000000000000000e+00 4.260890900000000259e-05
9.982558307979999546e-01 0.000000000000000000e+00 2.246584629999999960e-04
9.986960501060000439e-01 1.999999999999999960e-12 9.770000000000000383e-10
9.984475008900000059e-01 0.000000000000000000e+00 1.766448800000000054e-05
9.982639961560000330e-01 0.000000000000000000e+00 1.816171310000000113e-04
9.986993193590000262e-01 8.299999999999999772e-11 2.900000000000000002e-11
9.987141400900000354e-01 2.900000000000000002e-11 4.100000000000000059e-11
9.981630112980000025e-01 0.000000000000000000e+00 2.871698470000000184e-04
9.943547976390000320e-01 0.000000000000000000e+00 7.065428774099999365e-02
9.977041526750000111e-01 0.000000000000000000e+00 7.212458679999999601e-03
9.932058583570000376e-01 0.000000000000000000e+00 8.432394213400000449e-02
9.978156061120000420e-01 0.000000000000000000e+00 4.588697842000000193e-03
9.970879112820000278e-01 0.000000000000000000e+00 2.491985768300000043e-02
9.928529569970000468e-01 0.000000000000000000e+00 8.688457873499999540e-02
9.922519033059999938e-01 0.000000000000000000e+00 9.448197664799999618e-02
5.884152593760000327e-01 0.000000000000000000e+00 8.013744774879999477e-01
0.000000000000000000e+00 1.130390090000000044e-04 9.974695711590000347e-01
6.301829999999999725e-07 1.962999999999999942e-09 9.977452989480000145e-01
1.610243831000000066e-03 0.000000000000000000e+00 9.967159383250000504e-01
0.000000000000000000e+00 1.385677348599999997e-02 9.964307208129999927e-01
1.016378247999999949e-03 0.000000000000000000e+00 9.969906138740000090e-01
4.826091220000000006e-04 0.000000000000000000e+00 9.974549792610000187e-01
3.999999999999999920e-12 7.668039999999999516e-06 9.978720379359999892e-01
2.100106405000000138e-03 0.000000000000000000e+00 9.971957870090000231e-01
1.999999999999999960e-12 3.660319899999999940e-05 9.978244632999999641e-01
3.100961160000000180e-04 0.000000000000000000e+00 9.975261876219999602e-01
4.796414899999999586e-03 0.000000000000000000e+00 9.969326155269999656e-01
0.000000000000000000e+00 4.541407430000000251e-04 9.975826245009999926e-01
1.227999999999999978e-08 1.051100000000000062e-08 9.980704586340000128e-01
2.289857000000000174e-06 1.400000000000000012e-11 9.979629580290000357e-01
7.171999999999999635e-09 1.170300000000000064e-08 9.980708185750000183e-01
2.304776099999999978e-05 0.000000000000000000e+00 9.978295411959999806e-01
1.252000000000000019e-09 2.167629999999999936e-07 9.980284871079999620e-01
1.348918840000000116e-04 0.000000000000000000e+00 9.976496118509999844e-01
1.699999999999999946e-11 1.358530899999999980e-05 9.978754395500000207e-01
1.281775990000000082e-04 0.000000000000000000e+00 9.976373147989999746e-01
1.129999999999999975e-10 1.633722000000000102e-06 9.979851864809999862e-01
3.937026099999999809e-05 0.000000000000000000e+00 9.977506843579999618e-01
9.349999999999999765e-10 8.154919999999999546e-07 9.979286453300000304e-01
6.104420000000000077e-07 3.000000000000000142e-12 9.978092918209999773e-01
5.314205249999999665e-04 0.000000000000000000e+00 9.974298522729999616e-01
1.999999999999999960e-12 2.363175400000000047e-05 9.978475046800000525e-01
1.056239590000000050e-04 0.000000000000000000e+00 9.976854650499999977e-01
3.500000000000000192e-11 3.442313000000000207e-06 9.979584967860000155e-01
1.351981000000000041e-06 3.100000000000000281e-11 9.979851672380000149e-01
1.713699999999999986e-08 5.570000000000000411e-09 9.980729644729999794e-01
7.644999999999999966e-09 1.996000000000000138e-08 9.980669067509999604e-01
7.144729999999999948e-07 5.800000000000000005e-11 9.980129614470000243e-01
1.188037062000000046e-03 0.000000000000000000e+00 9.973009444210000352e-01
5.300000000000000309e-10 2.374070000000000029e-07 9.980389072609999745e-01
7.101000000000000191e-09 7.379100000000000213e-08 9.979965846239999827e-01
1.950524999999999845e-06 3.000000000000000142e-12 9.979513902750000165e-01
7.999999999999999839e-12 1.853934199999999872e-05 9.978680965120000357e-01
2.120839170000000040e-04 0.000000000000000000e+00 9.975657703370000018e-01
2.429406444799999884e-02 0.000000000000000000e+00 9.959257946370000392e-01
1.172962000000000045e-06 4.999999999999999697e-12 9.979522703350000024e-01
0.000000000000000000e+00 1.069109873499999967e-02 9.967948784360000092e-01
1.199470699999999968e-05 0.000000000000000000e+00 9.977755984210000539e-01
1.799999999999999988e-10 2.031299999999999932e-06 9.979525220930000051e-01
1.768479039999999887e-04 0.000000000000000000e+00 9.976157165710000108e-01
2.565264468000000124e-03 0.000000000000000000e+00 9.971087149109999492e-01
9.999999999999999799e-13 2.148018639999999956e-04 9.976443103400000068e-01
6.919999999999999885e-10 1.827769999999999961e-07 9.980440603700000413e-01
2.161809999999999954e-07 6.949999999999999781e-10 9.980183362800000291e-01
2.543999999999999900e-09 7.412599999999999818e-08 9.980543545640000458e-01
6.114689999999999811e-07 2.999999999999999980e-11 9.980122364500000343e-01
1.089999999999999984e-10 4.524942000000000391e-06 9.978960979830000522e-01
2.161837000000000169e-06 9.999999999999999799e-13 9.978418978449999921e-01
3.378366000000000038e-06 1.400000000000000012e-11 9.979234046299999550e-01
1.854844999999999984e-06 1.999999999999999960e-12 9.979092371519999727e-01
5.633057200000000247e-05 0.000000000000000000e+00 9.977240742540000040e-01
9.783000000000000648e-09 3.817000000000000364e-09 9.980466889950000420e-01
1.484101400000000068e-05 9.999999999999999799e-13 9.978428788430000473e-01
9.390409999999999976e-07 2.099999999999999857e-11 9.980039182100000072e-01
9.806000000000000590e-08 8.509999999999999564e-10 9.980578437670000191e-01
1.349940400000000083e-05 1.999999999999999960e-12 9.978377710850000470e-01
6.124272000000000036e-06 0.000000000000000000e+00 9.978860093970000067e-01
3.414909099999999671e-05 0.000000000000000000e+00 9.977912499209999897e-01
1.401153200000000048e-05 0.000000000000000000e+00 9.978328053880000104e-01
5.415800000000000096e-08 1.989999999999999952e-09 9.980629610279999619e-01
3.352000000000000005e-09 5.757400000000000322e-08 9.980560675299999795e-01
3.149499999999999846e-08 2.976999999999999956e-09 9.980704221230000117e-01
1.182500000000000001e-08 1.175100000000000047e-08 9.980691175100000478e-01
4.333464899999999744e-05 0.000000000000000000e+00 9.977718572089999682e-01
5.943199999999999908e-08 2.086999999999999928e-09 9.980583032880000482e-01
6.610000000000000128e-09 2.056000000000000014e-08 9.980688443270000487e-01
0.000000000000000000e+00 9.693407660000000420e-04 9.974018390500000164e-01
0.000000000000000000e+00 5.874502549999999516e-04 9.975443436459999758e-01
1.400000000000000012e-11 3.927529899999999708e-05 9.977274147110000158e-01
8.399999999999999427e-11 1.372888999999999926e-06 9.979918026859999625e-01
0.000000000000000000e+00 2.375999466000000039e-03 9.973238006689999491e-01
1.844000000000000043e-09 2.143829999999999947e-07 9.980092458679999945e-01
2.676348185099999832e-02 0.000000000000000000e+00 9.958669437770000243e-01
4.729702300000000092e-05 0.000000000000000000e+00 9.977524624310000201e-01
0.000000000000000000e+00 1.235473934299999993e-02 9.968358882479999572e-01
4.243999999999999820e-09 2.878600000000000048e-08 9.980678475900000013e-01
2.533885206250000022e-01 0.000000000000000000e+00 9.615982675180000383e-01
1.211999999999999951e-09 7.563199999999999856e-08 9.980532972990000529e-01
9.999999999999999799e-13 1.317891130000000040e-04 9.977142925499999926e-01
0.000000000000000000e+00 2.126809519999999941e-04 9.976721485030000114e-01
2.481999999999999908e-09 1.776510000000000070e-07 9.980044651980000125e-01
2.754491809900000074e-02 0.000000000000000000e+00 9.955327947619999618e-01
2.892971939999999754e-04 0.000000000000000000e+00 9.975320804670000374e-01
1.991523056000000028e-03 0.000000000000000000e+00 9.971302189280000228e-01
4.422765999999999728e-06 1.999999999999999960e-12 9.979352304080000291e-01
2.611150499999999929e-05 0.000000000000000000e+00 9.978159002980000469e-01
3.710301999999999920e-06 4.999999999999999697e-12 9.979461909240000539e-01
1.809485800000000029e-05 0.000000000000000000e+00 9.978465011999999579e-01
4.176103999999999819e-06 3.999999999999999920e-12 9.979391988820000003e-01
2.501000000000000028e-08 4.984999999999999639e-09 9.980681695640000184e-01
3.668226999999999989e-06 3.000000000000000142e-12 9.979471032409999998e-01
7.402500000000000276e-08 1.946999999999999997e-09 9.980495833970000064e-01
1.191711000000000049e-06 9.999999999999999395e-12 9.979867145940000128e-01
3.312270000000000053e-07 4.290000000000000178e-10 9.980046393129999860e-01
4.494199999999999969e-08 6.329999999999999855e-10 9.980441723940000065e-01
4.511686000000000395e-06 1.200000000000000057e-11 9.978935733049999479e-01
6.247399999999999416e-08 8.709999999999999908e-10 9.980639672440000387e-01
1.031667999999999971e-06 2.700000000000000047e-11 9.980023723530000446e-01
2.521660000000000095e-07 1.499999999999999990e-10 9.980419949000000068e-01
8.563600000000000000e-08 1.054000000000000083e-09 9.980590291180000406e-01
3.170899999999999892e-07 2.759999999999999775e-10 9.980264300200000216e-01
4.798169999999999878e-07 7.800000000000000207e-11 9.980268153739999537e-01
4.271929999999999793e-07 9.700000000000000108e-11 9.980298712570000452e-01
1.309259999999999906e-07 2.680000000000000051e-10 9.980498509059999579e-01
4.244259999999999916e-07 2.290000000000000105e-10 9.980117208219999592e-01
1.299489999999999945e-07 5.630000000000000204e-10 9.980542344210000527e-01
7.373629999999999569e-07 4.100000000000000059e-11 9.980138929999999853e-01
7.326119999999999959e-07 2.400000000000000113e-11 9.980080437039999808e-01
8.822670000000000479e-07 6.700000000000000128e-11 9.979965134039999741e-01
7.408300000000000236e-08 5.860000000000000444e-10 9.980590219430000021e-01
2.876080000000000168e-07 6.129999999999999511e-10 9.979986270439999974e-01
1.055579999999999980e-07 1.129999999999999975e-10 9.979921553249999633e-01
6.830590000000000021e-07 2.660000000000000120e-10 9.979534157189999810e-01
3.640500000000000074e-08 4.829999999999999864e-10 9.980097407879999771e-01
2.176360000000000041e-07 9.220000000000000214e-10 9.980020372619999858e-01
3.904599999999999772e-08 6.649999999999999783e-10 9.980382763659999545e-01
1.775140000000000105e-07 7.019999999999999540e-10 9.980330380830000347e-01
2.965600000000000033e-07 1.770000000000000092e-10 9.980384864369999942e-01
8.580700000000000067e-07 3.500000000000000192e-11 9.980088419529999921e-01
8.425809999999999928e-07 3.399999999999999891e-11 9.980094974559999832e-01
1.450600000000000032e-07 7.680000000000000363e-10 9.980426800639999874e-01
9.595999999999999371e-08 1.484999999999999938e-09 9.980443500669999857e-01
5.923662500000000309e-05 0.000000000000000000e+00 9.977428060070000493e-01
5.123498062399999692e-02 0.000000000000000000e+00 9.941974576100000016e-01
1.130111398600000018e-02 0.000000000000000000e+00 9.966350573259999956e-01
5.493726707999999764e-03 0.000000000000000000e+00 9.968398231099999673e-01
9.861390973999999837e-03 0.000000000000000000e+00 9.966776283920000257e-01
4.321582646000000048e-03 0.000000000000000000e+00 9.968888999730000089e-01
3.537075446699999848e-02 0.000000000000000000e+00 9.953924294010000340e-01
9.680836356199999659e-02 0.000000000000000000e+00 9.903169367969999470e-01
1.764468943000000074e-03 0.000000000000000000e+00 9.972133932229999553e-01
3.397568651000000117e-03 0.000000000000000000e+00 9.969561045079999850e-01
1.929171632000000001e-03 0.000000000000000000e+00 9.972070508539999656e-01
8.935515200000000062e-04 0.000000000000000000e+00 9.972670679149999717e-01
7.261473129999999540e-04 0.000000000000000000e+00 9.974119378889999554e-01
2.029988409999999974e-04 0.000000000000000000e+00 9.974969829859999804e-01
3.294707020000000154e-04 0.000000000000000000e+00 9.975388690140000181e-01
1.108585749999999943e-04 0.000000000000000000e+00 9.976281856630000444e-01
2.963139792200000094e-02 0.000000000000000000e+00 9.957914295269999494e-01
4.598577780000000204e-04 0.000000000000000000e+00 9.974566599199999883e-01
9.899999999999999417e-11 2.017926999999999882e-06 9.979758500240000219e-01
9.999999999999999799e-13 4.911110600000000121e-05 9.978056485109999540e-01
9.999999999999999799e-13 1.419812590000000033e-04 9.976988207289999577e-01
7.999999999999999839e-12 1.259604099999999984e-05 9.978952379050000099e-01
2.039999999999999935e-10 2.050323000000000088e-06 9.979442141600000094e-01
1.209999999999999957e-10 7.747260000000000513e-07 9.980047892009999977e-01
0.000000000000000000e+00 6.116110422000000171e-03 9.970829046779999816e-01
5.310000000000000275e-10 1.574320000000000031e-07 9.980378345199999446e-01
0.000000000000000000e+00 1.284323924100000056e-02 9.966865782310000421e-01
2.200000000000000158e-11 4.798102000000000331e-06 9.979435579840000292e-01
4.999999999999999697e-12 6.362540300000000398e-05 9.977305025020000162e-01
9.999999999999999799e-13 1.049141020000000045e-04 9.977387479610000387e-01
9.999999999999999799e-13 1.566420310000000071e-04 9.976935990909999719e-01
9.999999999999999799e-13 1.280113409999999975e-04 9.977196313199999667e-01
0.000000000000000000e+00 3.389262590000000227e-04 9.975860665469999944e-01
0.000000000000000000e+00 1.023999153000000086e-03 9.974156446999999925e-01
0.000000000000000000e+00 4.433400250999999966e-03 9.970363232619999794e-01
0.000000000000000000e+00 2.410531372999999856e-03 9.973262665859999876e-01
0.000000000000000000e+00 1.740185526000000062e-03 9.973787303910000013e-01
7.000000000000000384e-11 3.437243000000000016e-06 9.979485555910000416e-01
1.052050000000000032e-05 0.000000000000000000e+00 9.978850525619999967e-01
1.355366226820000075e-01 0.000000000000000000e+00 9.856545138140000439e-01
1.014137399999999971e-05 9.999999999999999799e-13 9.978884471050000204e-01
0.000000000000000000e+00 2.242381439999999973e-04 9.976665544680000108e-01
0.000000000000000000e+00 8.154563529000000144e-03 9.969837699279999743e-01
3.946379999999999899e-07 7.800000000000000207e-11 9.980308273029999677e-01
4.839824018999999873e-03 0.000000000000000000e+00 9.968840006739999593e-01
1.178170144900000070e-02 0.000000000000000000e+00 9.964023586800000443e-01
4.351598410699999975e-02 0.000000000000000000e+00 9.950086421139999748e-01
2.018247035300000172e-02 0.000000000000000000e+00 9.960034792309999663e-01
2.084908503299999841e-02 0.000000000000000000e+00 9.961042397010000382e-01
4.818002449000000423e-03 0.000000000000000000e+00 9.968918871030000295e-01
4.284523102699999697e-02 0.000000000000000000e+00 9.950479171520000277e-01
8.636099617200000689e-02 0.000000000000000000e+00 9.913547822099999518e-01
2.600803543799999965e-02 0.000000000000000000e+00 9.959712143329999545e-01
7.734566612999999730e-03 0.000000000000000000e+00 9.964860221329999712e-01
1.138654500719999962e-01 0.000000000000000000e+00 9.886556804310000501e-01
3.195690499999999926e-05 0.000000000000000000e+00 9.977608524569999693e-01
6.866000000000000072e-09 7.434599999999999618e-08 9.979988988379999704e-01
0.000000000000000000e+00 2.849861041999999806e-03 9.972951344110000393e-01
2.849999999999999981e-10 3.768229999999999855e-07 9.980264837690000501e-01
0.000000000000000000e+00 7.168575311999999568e-03 9.968635705070000297e-01
2.530000000000000052e-10 2.634830000000000043e-07 9.980170578499999445e-01
0.000000000000000000e+00 3.064736889000000113e-03 9.971874369759999857e-01
7.800000000000000207e-11 8.552569999999999669e-07 9.979885459489999944e-01
0.000000000000000000e+00 2.000920099999999816e-03 9.972518033480000099e-01
4.400000000000000315e-11 2.165943000000000008e-06 9.979730655320000476e-01
0.000000000000000000e+00 1.924040084000000006e-03 9.972777152299999726e-01
0.000000000000000000e+00 4.971746406000000090e-03 9.971600923969999863e-01
3.475000000000000098e-09 2.036580000000000095e-07 9.979625259969999718e-01
0.000000000000000000e+00 2.510007144000000155e-03 9.972809093369999767e-01
1.620000000000000093e-10 6.349342000000000237e-06 9.978073485470000392e-01
0.000000000000000000e+00 1.736816569999999967e-04 9.976816996689999995e-01
6.000000000000000283e-12 4.595939499999999875e-05 9.977686748959999630e-01
0.000000000000000000e+00 1.111028209999999935e-04 9.977303052289999696e-01
1.799999999999999923e-11 1.767089300000000137e-05 9.978403575380000445e-01
0.000000000000000000e+00 1.692570393699999870e-02 9.966955805639999832e-01
1.658400000000000146e-08 1.122799999999999969e-08 9.980593962699999544e-01
1.104530787650000040e-01 0.000000000000000000e+00 9.889358164710000398e-01
4.831067732999999760e-03 0.000000000000000000e+00 9.969478061519999601e-01
2.076500000000000098e-08 7.123999999999999801e-09 9.980654367419999895e-01
1.633805014000000054e-03 0.000000000000000000e+00 9.972041281300000337e-01
1.322629999999999979e-07 2.780000000000000223e-10 9.980507950089999580e-01
4.805155999999999806e-06 6.000000000000000283e-12 9.979180427970000267e-01
5.899098900000000279e-04 0.000000000000000000e+00 9.972419789269999502e-01
4.605415500000000054e-05 0.000000000000000000e+00 9.977619626539999675e-01
1.287920600000000003e-05 0.000000000000000000e+00 9.978311571779999722e-01
1.889322499999999901e-05 0.000000000000000000e+00 9.978413605599999459e-01
6.838743999999999791e-06 9.999999999999999799e-13 9.979039347479999877e-01
1.047054630000000011e-04 0.000000000000000000e+00 9.976861087039999854e-01
1.954800000000000074e-08 2.372000000000000081e-09 9.980617807030000010e-01
3.990033470000000108e-04 0.000000000000000000e+00 9.975030860419999978e-01
3.213654343599999796e-01 0.000000000000000000e+00 9.408639757200000231e-01
2.782323180699999843e-02 0.000000000000000000e+00 9.950994922470000059e-01
7.685430883600000151e-02 0.000000000000000000e+00 9.927611588979999846e-01
1.519687999999999916e-06 9.999999999999999799e-13 9.978055609599999487e-01
1.416276000000000075e-06 4.460000000000000108e-10 9.977715551950000483e-01
3.008568250000000178e-04 0.000000000000000000e+00 9.971118793080000486e-01
4.820726699999999809e-05 0.000000000000000000e+00 9.977309692089999515e-01
3.982999999999999998e-08 1.228000000000000102e-09 9.980642013939999835e-01
2.798169999999999969e-07 5.219999999999999552e-10 9.980100616979999950e-01
4.389044999999999581e-06 9.999999999999999799e-13 9.979280739039999570e-01
2.044155439000000171e-03 0.000000000000000000e+00 9.971703070280000247e-01
1.753299999999999891e-08 9.377999999999999669e-09 9.980633751130000286e-01
3.197473000000000193e-06 7.000000000000000061e-12 9.979505145039999636e-01
3.922309999999999869e-07 7.999999999999999516e-11 9.980311712199999574e-01
1.141890000000000043e-07 1.089999999999999958e-09 9.980450885710000497e-01
3.171319999999999839e-07 2.399999999999999984e-10 9.980302882229999950e-01
1.563160000000000082e-07 1.760000000000000126e-10 9.980415874289999545e-01
1.761060000000000021e-07 7.019999999999999540e-10 9.980336095349999770e-01
1.158969999999999955e-07 3.530000000000000218e-10 9.980541843279999714e-01
3.010167999999999959e-06 7.999999999999999839e-12 9.979542366510000262e-01
4.845654268000000250e-03 0.000000000000000000e+00 9.968633524419999725e-01
1.273905977199999984e-01 0.000000000000000000e+00 9.868647370969999555e-01
1.020127551999999976e-03 0.000000000000000000e+00 9.971847428079999576e-01
5.945100000000000077e-08 6.813999999999999838e-09 9.979934600969999625e-01
2.966366999999999817e-06 9.999999999999999799e-13 9.979046628800000152e-01
1.483938689999999975e-04 0.000000000000000000e+00 9.976456220010000431e-01
3.133199999999999892e-08 9.409999999999999558e-10 9.980439739059999704e-01
5.637332199999999795e-05 0.000000000000000000e+00 9.977432500559999529e-01
5.221345699999999979e-05 0.000000000000000000e+00 9.975922837349999739e-01
3.252367000000000128e-06 9.999999999999999395e-12 9.979401564159999793e-01
1.922700000000000071e-08 2.389999999999999812e-09 9.980613881409999832e-01
2.315496781000000136e-03 0.000000000000000000e+00 9.971696399980000125e-01
8.212030000000000512e-07 2.700000000000000047e-11 9.980087516560000038e-01
0.000000000000000000e+00 5.186289985999999706e-03 9.971560452740000358e-01
0.000000000000000000e+00 7.302944729999999917e-04 9.975197727519999891e-01
3.000000000000000142e-12 5.882109499999999794e-05 9.977712893510000125e-01
9.999999999999999799e-13 4.879036299999999838e-05 9.978039035679999724e-01
1.999999999999999960e-12 2.151868730000000042e-04 9.975280728419999576e-01
0.000000000000000000e+00 1.649084482200000035e-02 9.967157590240000031e-01
0.000000000000000000e+00 1.729273162499999836e-02 9.966665218460000197e-01
0.000000000000000000e+00 4.441446859699999666e-02 9.954598975289999929e-01
5.159999999999999759e-10 1.806640000000000089e-07 9.980387049560000001e-01
0.000000000000000000e+00 1.078612517400000075e-02 9.968805868029999573e-01
0.000000000000000000e+00 1.323733775799999964e-02 9.968087249799999494e-01
0.000000000000000000e+00 1.237513635299999915e-02 9.968173777709999905e-01
2.109999999999999952e-10 5.591050000000000027e-07 9.980183474870000238e-01
0.000000000000000000e+00 1.947413939199999985e-02 9.966061920730000523e-01
9.999999999999999799e-13 5.938813110000000462e-04 9.972616946000000260e-01
0.000000000000000000e+00 1.327412779999999955e-04 9.976502125520000375e-01
1.390000000000000111e-10 9.650341999999999633e-06 9.977459043690000140e-01
0.000000000000000000e+00 2.154921694000000009e-03 9.972908989540000269e-01
9.999999999999999799e-13 5.053041340000000462e-04 9.974249650980000492e-01
0.000000000000000000e+00 4.806559000000000206e-05 9.977649685320000295e-01
0.000000000000000000e+00 1.086414181000000100e-03 9.973840911210000160e-01
6.899999999999999437e-11 2.311853999999999838e-06 9.979740525420000008e-01
0.000000000000000000e+00 5.729779929999999485e-04 9.975505839710000489e-01
0.000000000000000000e+00 7.684201529999999496e-04 9.974995055449999981e-01
4.999999999999999697e-12 4.250021999999999811e-05 9.977951369119999470e-01
4.999999999999999697e-12 1.561614500000000090e-05 9.978804389530000485e-01
5.800000000000000005e-11 4.861583000000000342e-06 9.979257104469999584e-01
1.400000000000000012e-11 7.906474999999999547e-06 9.979202363770000028e-01
3.700000000000000148e-11 1.022607299999999970e-05 9.978664797080000204e-01
1.889999999999999936e-10 1.451564000000000067e-06 9.979786919559999747e-01
0.000000000000000000e+00 1.607200448999999975e-03 9.973991255299999859e-01
1.200000000000000057e-11 4.053194000000000008e-05 9.977395380829999771e-01
3.999999999999999920e-12 8.864911000000000546e-06 9.978774780210000195e-01
1.049999999999999993e-10 1.267156500000000003e-05 9.977270271200000540e-01
3.399999999999999891e-11 9.559189999999999189e-07 9.979310140020000164e-01
1.300000000000000034e-11 5.561744599999999964e-05 9.976590434159999798e-01
0.000000000000000000e+00 2.503706926999999839e-03 9.972289150080000386e-01
7.100000000000000039e-11 1.389456500000000001e-05 9.977564570379999775e-01
2.627479999999999914e-07 2.300000000000000135e-11 9.979441171409999534e-01
6.276918311999999875e-03 0.000000000000000000e+00 9.968185440010000065e-01
9.682680000000000780e-07 1.999999999999999960e-12 9.978679502470000351e-01
7.619154948999999621e-03 0.000000000000000000e+00 9.968144549709999636e-01
2.352194313659999869e-01 0.000000000000000000e+00 9.653805675040000311e-01
5.284025363999999766e-03 0.000000000000000000e+00 9.968781177240000346e-01
4.021636934339999914e-01 0.000000000000000000e+00 9.092979703900000432e-01
2.214194503600000127e-02 0.000000000000000000e+00 9.955836514229999823e-01
5.256379517299999971e-02 0.000000000000000000e+00 9.945300550429999609e-01
1.797065000000000005e-06 3.999999999999999920e-12 9.979538998920000070e-01
4.804700000000000136e-07 3.130000000000000048e-10 9.979846628799999841e-01
4.841260461000000334e-03 0.000000000000000000e+00 9.969368773329999600e-01
1.813888999999999939e-05 0.000000000000000000e+00 9.978075591039999859e-01
4.644876000000000385e-06 1.999999999999999960e-12 9.979354986030000152e-01
1.833930000000000064e-07 3.149999999999999979e-10 9.980491739939999496e-01
6.213480314000000004e-03 0.000000000000000000e+00 9.967284761539999538e-01
2.156586158840000100e-01 0.000000000000000000e+00 9.707121832720000398e-01
1.103725306699999964e-02 0.000000000000000000e+00 9.965410294680000503e-01
8.206593603200000586e-02 0.000000000000000000e+00 9.917022441249999654e-01
3.706184947499999854e-02 0.000000000000000000e+00 9.952785866960000005e-01
8.019021899299999534e-02 0.000000000000000000e+00 9.921508171830000222e-01
8.921116277999999525e-03 0.000000000000000000e+00 9.965587594050000497e-01
3.258745943649999921e-01 0.000000000000000000e+00 9.387662631619999587e-01
1.027529652690000045e-01 0.000000000000000000e+00 9.897079419019999547e-01
1.416046450619999897e-01 0.000000000000000000e+00 9.848327687000000275e-01
6.332266401000000156e-03 0.000000000000000000e+00 9.966396677969999729e-01
4.149540382079999756e-01 0.000000000000000000e+00 9.030038420760000406e-01
4.612621637400000224e-02 0.000000000000000000e+00 9.945792445369999735e-01
2.716150751210000269e-01 0.000000000000000000e+00 9.563400768209999736e-01
1.249190039259999996e-01 0.000000000000000000e+00 9.870112230909999784e-01
4.953954510340000117e-01 0.000000000000000000e+00 8.604951234069999622e-01
3.692180000000000177e-07 2.360000000000000122e-10 9.980210880740000290e-01
0.000000000000000000e+00 2.608152653859999726e-01 9.604884351639999540e-01
5.705999999999999941e-09 1.920100000000000101e-08 9.980704082669999977e-01
3.093280121709999775e-01 0.000000000000000000e+00 9.449824386970000489e-01
3.495783114400000113e-02 0.000000000000000000e+00 9.954703686420000031e-01
0.000000000000000000e+00 8.822633216000000736e-03 9.969675588690000145e-01
0.000000000000000000e+00 9.974631351899999610e-01 1.819392789999999904e-04
4.386249265669999731e-01 8.916648159090000414e-01 0.000000000000000000e+00
0.000000000000000000e+00 9.922706268619999603e-01 8.136164235300000214e-02
5.699105850000000173e-04 9.974633945299999915e-01 0.000000000000000000e+00
1.162983600000000017e-05 9.978952791820000501e-01 0.000000000000000000e+00
0.000000000000000000e+00 9.972085114830000485e-01 8.934515709999999626e-04
3.719480607200000011e-02 9.953556177490000545e-01 0.000000000000000000e+00
7.999999999999999839e-12 9.977293666750000067e-01 8.801827999999999239e-06
9.571709999999999621e-07 9.980101130970000511e-01 9.999999999999999799e-13
6.061850900000000038e-05 9.977597717809999489e-01 0.000000000000000000e+00
3.000000000000000142e-12 9.977246466760000265e-01 1.319871699999999935e-05
3.671784232999999922e-03 9.970426248129999891e-01 0.000000000000000000e+00
3.634309999999999937e-07 9.980408962479999646e-01 3.000000000000000142e-12
1.583999999999999907e-09 9.980187431660000330e-01 1.523899999999999835e-08
1.400875130000000125e-04 9.976668051360000344e-01 0.000000000000000000e+00
6.156644390000000138e-04 9.974343069929999528e-01 0.000000000000000000e+00
9.542975400000000118e-04 9.973439513859999606e-01 0.000000000000000000e+00
7.622999999999999836e-09 9.980627911799999641e-01 7.770000000000000052e-10
6.600000000000000473e-11 9.978141163200000552e-01 1.608771000000000000e-06
6.952312600000000301e-05 9.976989490259999815e-01 0.000000000000000000e+00
1.040000000000000028e-10 9.978771086280000535e-01 6.931250000000000341e-07
7.217191999999999899e-06 9.979236634799999450e-01 0.000000000000000000e+00
8.080000000000000015e-10 9.979597077390000015e-01 6.849300000000000326e-08
4.709782000000000133e-06 9.979484206249999989e-01 0.000000000000000000e+00
9.690000000000000659e-10 9.979867312269999902e-01 4.032499999999999878e-08
1.131399999999999960e-08 9.980506250770000420e-01 1.182999999999999947e-09
4.450100000000000256e-08 9.980017340610000121e-01 5.489999999999999653e-10
2.947179999999999792e-07 9.980449468909999844e-01 3.000000000000000142e-12
7.564640000000000430e-07 9.980092183440000264e-01 1.999999999999999960e-12
5.532999999999999815e-09 9.980361868289999716e-01 3.615999999999999921e-09
7.072300000000000403e-08 9.979973484619999446e-01 2.990000000000000015e-10
2.700000000000000047e-11 9.978934209619999551e-01 9.194899999999999836e-07
9.339819999999999627e-06 9.979031567170000283e-01 0.000000000000000000e+00
1.794561999999999946e-06 9.979726030240000378e-01 9.999999999999999799e-13
1.340000000000000026e-10 9.979743273329999553e-01 7.548300000000000166e-08
1.282695999999999907e-06 9.979883199779999714e-01 9.999999999999999799e-13
0.000000000000000000e+00 9.975072170369999602e-01 1.208976760000000006e-04
1.078000000000000000e-09 9.979889337899999768e-01 3.596599999999999926e-08
2.855390349000000091e-03 9.970766095749999947e-01 0.000000000000000000e+00
3.033341799999999920e-05 9.978235318150000532e-01 0.000000000000000000e+00
0.000000000000000000e+00 9.973817962359999845e-01 3.255340880000000183e-04
3.764800000000000069e-08 9.980515253630000139e-01 2.510000000000000121e-10
9.575482124999999678e-03 9.966832038539999994e-01 0.000000000000000000e+00
5.584368000000000232e-06 9.979385513399999796e-01 0.000000000000000000e+00
1.699999999999999946e-11 9.978410350749999935e-01 2.311866999999999985e-06
1.111800000000000069e-08 9.980656265899999768e-01 5.060000000000000104e-10
2.558143009999999770e-04 9.975692845050000424e-01 0.000000000000000000e+00
3.980253750000000042e-04 9.974419920079999891e-01 0.000000000000000000e+00
6.499999999999999526e-11 9.977880064919999459e-01 1.988344000000000033e-06
1.999999999999999879e-11 9.978949082579999796e-01 8.042570000000000528e-07
1.408336533699999955e-02 9.964727965809999644e-01 0.000000000000000000e+00
2.259999400000000072e-05 9.978219882400000129e-01 0.000000000000000000e+00
0.000000000000000000e+00 9.969926882770000498e-01 2.691525997000000087e-03
1.243599999999999966e-08 9.980265327199999703e-01 1.870999999999999846e-09
4.108822675599999724e-02 9.948926305909999712e-01 0.000000000000000000e+00
4.558939999999999926e-07 9.980040067190000252e-01 9.999999999999999395e-12
0.000000000000000000e+00 9.967206720169999867e-01 6.412386505000000105e-03
1.198175999999999995e-06 9.979870768930000358e-01 9.999999999999999799e-13
6.928506706299999984e-02 9.931401529509999992e-01 0.000000000000000000e+00
1.172000000000000089e-09 9.980158139179999832e-01 1.984800000000000012e-08
0.000000000000000000e+00 9.972433414750000447e-01 7.131755690000000317e-04
1.870196890000000044e-04 9.975664270830000291e-01 0.000000000000000000e+00
3.207660039999999822e-04 9.975425152310000154e-01 0.000000000000000000e+00
3.197000000000000024e-09 9.980513811790000522e-01 1.838000000000000064e-09
0.000000000000000000e+00 9.971864447630000017e-01 6.152034189999999909e-04
2.013829999999999974e-07 9.980234891039999612e-01 1.999999999999999960e-12
7.172096510500000632e-02 9.930727682500000153e-01 0.000000000000000000e+00
5.648999999999999828e-09 9.980576718110000245e-01 8.179999999999999670e-10
0.000000000000000000e+00 9.967253838130000210e-01 6.337453677999999729e-03
2.412473000000000085e-06 9.979771013599999518e-01 0.000000000000000000e+00
3.269177607000000024e-03 9.970757563219999620e-01 0.000000000000000000e+00
1.466658500000000012e-05 9.978616775269999462e-01 0.000000000000000000e+00
2.613159732600000076e-02 9.959502457640000417e-01 0.000000000000000000e+00
1.984485660000000207e-03 9.971201861180000181e-01 0.000000000000000000e+00
2.546407402999999788e-03 9.971466386080000133e-01 0.000000000000000000e+00
3.476908548999999883e-03 9.969701161280000168e-01 0.000000000000000000e+00
2.032605000000000167e-06 9.979862549550000406e-01 0.000000000000000000e+00
3.425187927299999657e-02 9.954685769790000416e-01 0.000000000000000000e+00
1.008405999999999904e-06 9.979985071670000041e-01 0.000000000000000000e+00
0.000000000000000000e+00 9.972373338990000446e-01 6.899533279999999760e-04
7.050000000000000470e-10 9.979783044890000454e-01 5.783500000000000139e-08
4.999999999999999697e-12 9.977986871389999957e-01 5.030217999999999787e-06
9.200000000000000542e-11 9.977954622429999754e-01 1.513908000000000033e-06
0.000000000000000000e+00 9.975039710759999734e-01 1.334012580000000048e-04
3.000000000000000142e-12 9.977148871630000526e-01 1.421963600000000034e-05
1.200000000000000057e-11 9.978073160879999959e-01 3.847239999999999608e-06
1.640000000000000024e-10 9.979452327579999560e-01 2.263180000000000020e-07
2.616099999999999848e-08 9.980451509559999934e-01 4.960000000000000450e-10
1.990000000000000107e-10 9.979037684210000370e-01 3.531339999999999909e-07
1.374000000000000012e-09 9.980326793079999925e-01 1.052400000000000047e-08
8.650000000000000115e-10 9.978740349929999809e-01 1.572530000000000119e-07
2.999999999999999980e-11 9.979157281320000239e-01 2.960370000000000190e-07
2.180900000000000027e-08 9.979545681839999682e-01 2.620999999999999945e-09
4.978899999999999671e-08 9.980588494700000091e-01 2.999999999999999980e-11
9.526080665999999211e-03 9.966847234029999614e-01 0.000000000000000000e+00
2.440636639999999870e-04 9.975164295109999468e-01 0.000000000000000000e+00
1.829903320000000097e-04 9.976073226449999609e-01 0.000000000000000000e+00
4.356579305999999825e-03 9.968399469659999790e-01 0.000000000000000000e+00
9.646182699999999912e-04 9.973239228620000008e-01 0.000000000000000000e+00
9.462203999999999911e-06 9.978870308170000314e-01 0.000000000000000000e+00
3.018161199999999864e-05 9.978191918550000095e-01 0.000000000000000000e+00
3.616312300000000237e-05 9.977936344879999586e-01 0.000000000000000000e+00
1.339274250000000029e-04 9.976360722389999713e-01 0.000000000000000000e+00
1.699814241800000000e-02 9.958455752439999698e-01 0.000000000000000000e+00
1.620772801999999973e-03 9.972561467349999598e-01 0.000000000000000000e+00
4.449939174000000150e-03 9.969283841229999998e-01 0.000000000000000000e+00
6.948312245999999776e-03 9.968090515299999899e-01 0.000000000000000000e+00
2.085404592000000140e-02 9.961600938929999760e-01 0.000000000000000000e+00
8.071840678000000158e-03 9.967128705979999559e-01 0.000000000000000000e+00
5.279145899800000152e-02 9.943369129250000382e-01 0.000000000000000000e+00
6.070570000000000393e-06 9.979250586890000552e-01 0.000000000000000000e+00
1.999999999999999960e-12 9.976967431219999627e-01 1.928003400000000142e-05
9.999999999999999799e-13 9.976829453019999683e-01 2.334614400000000034e-05
1.020750000000000058e-07 9.980051663379999605e-01 1.490000000000000025e-10
0.000000000000000000e+00 9.964416626190000237e-01 1.232574655300000023e-02
8.864499999999999736e-08 9.979535618479999926e-01 3.870000000000000078e-10
2.657727563999999834e-02 9.956324754790000231e-01 0.000000000000000000e+00
5.254378889300000133e-02 9.944286621819999894e-01 0.000000000000000000e+00
4.494599999999999761e-08 9.980660918870000176e-01 5.299999999999999792e-11
0.000000000000000000e+00 9.959831925319999613e-01 2.504750642899999935e-02
4.693100000000000116e-07 9.980323762230000062e-01 9.999999999999999799e-13
3.999999999999999920e-12 9.974300589900000347e-01 5.960169899999999952e-05
7.000000000000000061e-12 9.978456967519999665e-01 1.516068999999999968e-06
1.121680000000000023e-07 9.979761902839999754e-01 2.010000000000000038e-10
0.000000000000000000e+00 9.967501115160000147e-01 6.393289489999999693e-03
8.321000000000000527e-09 9.979825935970000339e-01 5.825000000000000047e-09
0.000000000000000000e+00 9.969015099900000454e-01 3.730514366000000151e-03
9.600000000000000453e-11 9.976958906630000179e-01 2.790315999999999798e-06
9.999999999999999799e-13 9.977154161329999660e-01 3.507273000000000174e-06
0.000000000000000000e+00 9.972924070019999476e-01 2.595744560000000129e-04
0.000000000000000000e+00 9.966447905719999500e-01 8.409402240000000625e-03
0.000000000000000000e+00 9.973556502879999952e-01 3.717885739999999954e-04
3.000000000000000142e-12 9.977697566269999596e-01 7.704559999999999634e-06
3.199999999999999936e-11 9.978073319879999792e-01 2.515980999999999823e-06
0.000000000000000000e+00 9.972351524000000467e-01 7.150950740000000397e-04
0.000000000000000000e+00 9.968546747559999810e-01 4.362188575000000221e-03
2.709999999999999948e-10 9.979713784060000314e-01 1.125630000000000002e-07
1.056665750200000073e-02 9.966472011189999591e-01 0.000000000000000000e+00
8.167441351000000183e-02 9.918600407580000500e-01 0.000000000000000000e+00
3.163899999999999896e-07 9.980361615380000107e-01 7.999999999999999839e-12
0.000000000000000000e+00 9.945641248519999644e-01 5.233387192399999860e-02
1.002710000000000010e-06 9.980092830329999609e-01 0.000000000000000000e+00
2.000473212749999952e-01 9.741936986150000477e-01 0.000000000000000000e+00
2.122417000000000045e-06 9.979347376420000248e-01 0.000000000000000000e+00
1.043476476099999967e-01 9.898530009589999734e-01 0.000000000000000000e+00
2.220449390000000058e-04 9.975999308799999854e-01 0.000000000000000000e+00
1.099780166599999970e-02 9.966260537379999507e-01 0.000000000000000000e+00
3.197843150999999957e-03 9.970196301379999904e-01 0.000000000000000000e+00
7.254041200000000040e-05 9.976706619120000452e-01 0.000000000000000000e+00
5.515363195399999863e-02 9.939874469210000507e-01 0.000000000000000000e+00
1.533470299999999893e-05 9.978760258450000142e-01 0.000000000000000000e+00
3.562614921400000106e-02 9.954141353430000505e-01 0.000000000000000000e+00
2.136605100000000127e-05 9.978461392590000090e-01 0.000000000000000000e+00
5.132735230000000414e-04 9.974648141790000144e-01 0.000000000000000000e+00
5.381318744999999577e-03 9.968952258800000132e-01 0.000000000000000000e+00
2.717717379999999919e-03 9.971223003750000480e-01 0.000000000000000000e+00
8.643912710000000539e-04 9.973830365660000252e-01 0.000000000000000000e+00
2.566645599999999860e-05 9.978216972769999860e-01 0.000000000000000000e+00
2.350222983999999873e-03 9.971599154100000417e-01 0.000000000000000000e+00
1.129320977000000063e-03 9.972441502259999924e-01 0.000000000000000000e+00
1.594900680000000054e-04 9.975860146699999653e-01 0.000000000000000000e+00
8.461867499999999498e-05 9.976807547629999995e-01 0.000000000000000000e+00
3.351831717000000165e-03 9.970529960670000413e-01 0.000000000000000000e+00
4.722706549999999880e-04 9.973524704570000399e-01 0.000000000000000000e+00
5.266485100000000254e-04 9.974006157389999627e-01 0.000000000000000000e+00
9.909695499999999352e-05 9.975461737490000091e-01 0.000000000000000000e+00
1.087717232999999917e-03 9.973092195470000254e-01 0.000000000000000000e+00
2.399487110000000055e-04 9.975245945870000464e-01 0.000000000000000000e+00
6.308323741400000129e-02 9.937523953010000133e-01 0.000000000000000000e+00
7.763035800000000651e-05 9.976309154469999996e-01 0.000000000000000000e+00
2.359656720000000065e-04 9.975545126150000552e-01 0.000000000000000000e+00
4.670989736700000006e-02 9.947004706540000241e-01 0.000000000000000000e+00
7.506015115599999621e-02 9.927704272159999510e-01 0.000000000000000000e+00
6.795336000000000121e-06 9.979278628940000395e-01 0.000000000000000000e+00
0.000000000000000000e+00 9.965542368840000220e-01 9.306233173000000303e-03
1.669999999999999920e-10 9.979812447770000094e-01 7.794900000000000534e-08
7.364347291700000520e-02 9.928824928270000294e-01 0.000000000000000000e+00
2.631265419999999876e-03 9.971286615240000373e-01 0.000000000000000000e+00
0.000000000000000000e+00 9.970309043489999912e-01 2.383558301000000129e-03
2.070000000000000090e-10 9.979578671950000146e-01 1.641279999999999990e-07
3.911999999999999726e-09 9.980023721259999592e-01 9.628000000000000253e-09
1.182000000000000054e-09 9.980164221380000145e-01 1.945200000000000107e-08
7.587599999999999730e-08 9.979715106440000261e-01 3.890000000000000009e-10
7.785799999999999480e-08 9.980580526850000300e-01 1.699999999999999946e-11
4.849339999999999932e-07 9.979348088289999863e-01 2.800000000000000024e-11
3.663800000000000025e-08 9.980676701799999773e-01 1.129999999999999975e-10
6.068200000000000035e-08 9.980532072529999521e-01 1.139999999999999941e-10
3.573000000000000297e-08 9.980214060669999609e-01 5.380000000000000033e-10
6.068400000000000262e-08 9.980659521870000050e-01 4.899999999999999881e-11
1.309979999999999929e-07 9.980533780529999843e-01 2.700000000000000047e-11
4.500599999999999947e-08 9.980577114819999540e-01 1.550000000000000076e-10
2.007279999999999959e-07 9.980515856310000489e-01 9.999999999999999395e-12
2.800000000000000024e-11 9.977582161560000218e-01 4.010400999999999993e-06
0.000000000000000000e+00 9.970841232689999778e-01 1.881188076999999910e-03
0.000000000000000000e+00 9.970866685710000343e-01 1.834038702000000088e-03
0.000000000000000000e+00 9.975304718049999853e-01 1.074172219999999989e-04
1.999999999999999960e-12 9.976565845410000355e-01 2.743826499999999877e-05
0.000000000000000000e+00 9.973049779589999719e-01 5.682211690000000225e-04
0.000000000000000000e+00 9.970511446259999744e-01 2.121229787999999970e-03
0.000000000000000000e+00 9.973065313650000263e-01 4.529122780000000036e-04
4.207547000000000188e-06 9.979372665090000538e-01 0.000000000000000000e+00
4.208063881429999764e-01 9.002905224570000309e-01 0.000000000000000000e+00
8.383109100000000655e-05 9.976917409490000388e-01 0.000000000000000000e+00
1.321719583999999897e-03 9.972668872419999664e-01 0.000000000000000000e+00
2.904141799000000117e-03 9.969961189339999752e-01 0.000000000000000000e+00
1.167325169199999978e-02 9.965889086220000026e-01 0.000000000000000000e+00
2.133110590800000109e-02 9.960828009459999910e-01 0.000000000000000000e+00
1.873475581200000073e-02 9.961375351839999448e-01 0.000000000000000000e+00
9.547711499999999532e-05 9.976568269590000426e-01 0.000000000000000000e+00
3.418786470000000121e-04 9.974238296299999806e-01 0.000000000000000000e+00
3.522213043700000296e-02 9.953804370269999646e-01 0.000000000000000000e+00
6.206216262000000330e-03 9.963265166060000233e-01 0.000000000000000000e+00
2.518552457499999980e-02 9.959494430309999702e-01 0.000000000000000000e+00
4.472708393000000317e-03 9.965846514599999706e-01 0.000000000000000000e+00
2.866076743600000018e-02 9.958340513419999818e-01 0.000000000000000000e+00
9.773152037999999209e-03 9.965442426599999681e-01 0.000000000000000000e+00
3.435376541199999800e-02 9.955357350600000377e-01 0.000000000000000000e+00
5.002955263000000152e-03 9.966756702160000092e-01 0.000000000000000000e+00
2.078758706199999862e-02 9.961932801609999499e-01 0.000000000000000000e+00
1.570835782500000152e-02 9.962168696319999572e-01 0.000000000000000000e+00
2.670030970000000239e-04 9.975658596619999541e-01 0.000000000000000000e+00
6.099999999999999615e-11 9.979454047519999982e-01 1.728200000000000083e-07
0.000000000000000000e+00 9.963032585950000186e-01 1.572138970000000122e-02
9.999999999999999799e-13 9.976539055809999779e-01 3.215572700000000168e-05
1.264669999999999902e-07 9.980560127559999772e-01 2.500000000000000091e-11
1.599999999999999968e-11 9.978199430359999678e-01 3.038540000000000049e-06
0.000000000000000000e+00 9.952513947969999775e-01 4.094643880800000191e-02
3.059999999999999773e-10 9.979917630469999912e-01 6.452899999999999502e-08
2.719999999999999913e-10 9.979277021739999531e-01 2.196369999999999967e-07
0.000000000000000000e+00 9.964505915369999967e-01 1.366181453400000002e-02
7.000000000000000061e-12 9.975910576709999811e-01 2.302287899999999862e-05
0.000000000000000000e+00 9.962028950610000155e-01 1.718255021600000043e-02
4.100000000000000059e-11 9.976002378060000453e-01 8.012360999999999705e-06
0.000000000000000000e+00 9.959103962790000208e-01 2.581106893599999924e-02
0.000000000000000000e+00 9.976016342019999872e-01 5.599309299999999845e-05
0.000000000000000000e+00 9.965679408590000232e-01 1.068857189399999991e-02
0.000000000000000000e+00 9.974749527980000252e-01 1.736036089999999903e-04
0.000000000000000000e+00 9.964213084680000332e-01 1.451419832499999986e-02
9.999999999999999799e-13 9.972714128970000536e-01 1.868759989999999949e-04
0.000000000000000000e+00 9.955629961349999890e-01 3.147531138199999995e-02
2.625999999999999824e-09 9.979133864460000281e-01 4.083000000000000231e-08
6.101128620000000275e-04 9.973780654230000042e-01 0.000000000000000000e+00
4.165800399999999750e-05 9.977365168249999750e-01 0.000000000000000000e+00
0.000000000000000000e+00 9.976525306939999505e-01 1.716991600000000015e-05
0.000000000000000000e+00 9.957514453229999729e-01 2.533495125500000167e-02
2.795599999999999900e-08 9.980157891080000399e-01 2.400000000000000113e-11
4.548399999999999886e-08 9.979497307200000389e-01 1.054999999999999976e-09
9.700000000000000108e-11 9.979616975199999684e-01 1.489779999999999990e-07
5.670000000000000066e-10 9.978325043439999487e-01 3.103369999999999816e-07
1.392940000000000031e-07 9.980385558300000071e-01 3.999999999999999920e-12
1.388919999999999972e-07 9.980028434729999454e-01 9.300000000000000197e-11
5.811400000000000012e-08 9.980609888450000522e-01 8.699999999999999684e-11
1.035290000000000001e-07 9.980473839560000116e-01 5.499999999999999748e-11
1.110840000000000039e-07 9.980305990309999986e-01 7.800000000000000207e-11
2.907500000000000062e-08 9.980684810659999906e-01 1.349999999999999991e-10
1.678899999999999900e-08 9.979816150039999556e-01 2.612000000000000079e-09
2.535000000000000035e-09 9.980461786719999617e-01 2.137999999999999855e-09
2.539900000000000132e-08 9.980626181809999498e-01 2.849999999999999981e-10
2.530000000000000052e-10 9.979250716159999701e-01 2.373650000000000082e-07
9.637500000000000107e-08 9.980554037709999937e-01 4.600000000000000271e-11
7.279999999999999676e-10 9.979878870180000083e-01 4.814800000000000206e-08
0.000000000000000000e+00 9.964413703569999781e-01 1.394701528099999942e-02
4.999999999999999697e-12 9.975576359340000421e-01 3.241577000000000016e-05
2.256559999999999925e-07 9.980314854649999790e-01 1.999999999999999960e-12
8.299999999999999772e-11 9.978259497910000331e-01 1.268229999999999968e-06
1.047710000000000056e-07 9.980467280739999669e-01 5.499999999999999748e-11
1.108000000000000103e-09 9.980152161949999989e-01 2.082399999999999840e-08
4.190000000000000007e-10 9.979458507270000389e-01 1.314439999999999957e-07
7.100000000000000039e-11 9.979375273899999677e-01 3.306250000000000108e-07
4.906199999999999953e-08 9.980551652460000200e-01 1.490000000000000025e-10
1.327999999999999964e-09 9.979670674349999659e-01 4.191099999999999724e-08
6.452099999999999919e-08 9.980654724220000551e-01 3.799999999999999802e-11
4.112349999999999895e-07 9.979661164430000397e-01 2.400000000000000113e-11
1.074999999999999907e-09 9.980208833879999908e-01 1.800400000000000028e-08
6.505689999999999540e-07 9.979116211690000071e-01 2.200000000000000158e-11
7.799999999999999948e-10 9.980011570190000514e-01 4.359999999999999833e-09
6.725880000000000138e-07 9.978618369680000155e-01 3.599999999999999847e-11
6.649999999999999783e-10 9.980168442079999647e-01 2.347600000000000124e-08
2.358040000000000117e-07 9.979994733179999855e-01 3.900000000000000103e-11
5.264200000000000247e-08 9.980635427899999801e-01 3.599999999999999847e-11
5.520199999999999892e-07 9.978926699210000084e-01 3.700000000000000148e-11
2.690000000000000017e-10 9.979968112799999513e-01 4.105899999999999728e-08
1.029999999999999959e-07 9.979575109699999613e-01 2.930000000000000222e-10
1.286400000000000025e-08 9.980645278749999960e-01 2.820000000000000085e-10
1.493500000000000106e-08 9.979804336859999792e-01 3.054999999999999894e-09
1.849785000000000070e-06 9.979735237389999458e-01 0.000000000000000000e+00
5.956729694000000019e-02 9.939222190309999760e-01 0.000000000000000000e+00
3.623867899000000111e-03 9.969222519579999942e-01 0.000000000000000000e+00
5.800000000000000005e-11 9.976896689019999487e-01 4.043355000000000355e-06
0.000000000000000000e+00 9.941354745939999793e-01 5.881117218700000066e-02
0.000000000000000000e+00 9.975165978819999779e-01 1.067347769999999970e-04
0.000000000000000000e+00 9.970121497749999673e-01 2.595092359000000098e-03
5.419999999999999895e-10 9.980102959009999886e-01 3.135100000000000062e-08
4.019530600000000096e-04 9.975101057780000335e-01 0.000000000000000000e+00
6.402064346100000414e-02 9.935419681160000405e-01 0.000000000000000000e+00
6.839453877000000077e-03 9.967780854519999734e-01 0.000000000000000000e+00
2.766463999999999963e-06 9.979733616429999898e-01 0.000000000000000000e+00
6.357100826000000246e-03 9.968586915199999510e-01 0.000000000000000000e+00
2.113270499999999878e-05 9.978514554120000435e-01 0.000000000000000000e+00
4.824933582999999838e-03 9.969481441790000176e-01 0.000000000000000000e+00
5.178164960000000141e-04 9.973402134950000164e-01 0.000000000000000000e+00
2.473598780000000165e-04 9.975207435830000247e-01 0.000000000000000000e+00
1.934806900000000051e-05 9.977437437189999869e-01 0.000000000000000000e+00
8.145687242000000314e-03 9.967484080720000472e-01 0.000000000000000000e+00
2.400680509999999785e-03 9.971201560960000210e-01 0.000000000000000000e+00
3.405256200000000263e-05 9.977783242990000412e-01 0.000000000000000000e+00
1.955769017999999925e-03 9.972039778879999705e-01 0.000000000000000000e+00
3.249106399999999951e-05 9.978095776980000498e-01 0.000000000000000000e+00
6.050853390000000527e-04 9.973766265219999871e-01 0.000000000000000000e+00
1.356225180000000005e-04 9.976712973310000176e-01 0.000000000000000000e+00
2.263917699999999875e-05 9.978234475570000317e-01 0.000000000000000000e+00
2.790999999999999978e-09 9.979422512150000202e-01 2.879399999999999962e-08
0.000000000000000000e+00 9.887925092120000148e-01 1.146942916500000020e-01
9.700000000000000108e-11 9.977641898660000175e-01 1.823917000000000066e-06
5.185113250000000394e-04 9.974672802249999748e-01 0.000000000000000000e+00
1.388788689150000089e-01 9.851304783030000456e-01 0.000000000000000000e+00
3.801879000000000026e-06 9.979477945300000430e-01 0.000000000000000000e+00
0.000000000000000000e+00 9.971345301109999504e-01 1.473435704999999938e-03
0.000000000000000000e+00 9.971376048210000009e-01 1.084369557999999897e-03
0.000000000000000000e+00 9.964607192100000121e-01 1.346832630699999929e-02
0.000000000000000000e+00 9.974192083109999496e-01 1.973327060000000120e-04
0.000000000000000000e+00 9.966510082699999717e-01 8.919681961000000547e-03
0.000000000000000000e+00 9.970739593649999843e-01 1.706581227999999940e-03
0.000000000000000000e+00 9.976011690249999564e-01 5.361290400000000056e-05
0.000000000000000000e+00 9.973062972639999968e-01 5.638647309999999732e-04
0.000000000000000000e+00 9.956527917270000527e-01 3.282871981999999772e-02
0.000000000000000000e+00 9.975572310470000037e-01 8.030838799999999889e-05
0.000000000000000000e+00 9.969872600920000050e-01 1.176388374000000023e-03
0.000000000000000000e+00 9.964245948840000366e-01 1.335139627799999951e-02
5.200000000000000138e-11 9.977189003090000119e-01 3.604679999999999850e-06
4.084000000000000042e-08 9.980625890009999779e-01 1.439999999999999939e-10
1.092909999999999958e-07 9.980598248769999570e-01 1.499999999999999990e-11
6.386000000000000075e-09 9.979839310000000463e-01 7.622999999999999836e-09
2.851899999999999881e-08 9.980669734179999919e-01 1.819999999999999919e-10
1.212689999999999989e-07 9.980562451329999529e-01 9.999999999999999395e-12
3.266299999999999939e-08 9.979200323439999520e-01 2.255000000000000175e-09
1.908000000000000029e-09 9.980337712969999941e-01 2.149999999999999813e-09
1.094971999999999966e-06 9.979235209440000531e-01 6.000000000000000283e-12
1.209999999999999957e-10 9.979622002739999553e-01 5.228500000000000132e-08
1.241606000000000060e-06 9.978506627000000018e-01 1.200000000000000057e-11
3.599999999999999847e-11 9.979239971540000420e-01 3.438499999999999986e-07
1.967880000000000016e-07 9.980348050649999747e-01 2.400000000000000113e-11
6.899999999999999437e-11 9.978300091430000185e-01 1.370144999999999991e-06
3.447179999999999770e-07 9.980302282890000098e-01 7.999999999999999839e-12
2.070000000000000090e-10 9.979615622540000119e-01 1.529080000000000084e-07
2.670199999999999982e-08 9.980305104550000195e-01 6.709999999999999576e-10
1.165999999999999903e-09 9.980287428249999815e-01 1.304200000000000025e-08
4.640000000000000004e-10 9.979606900949999915e-01 1.000949999999999973e-07
3.840753000000000325e-06 9.979135097739999516e-01 0.000000000000000000e+00
2.268386573710000076e-01 9.674029548989999672e-01 0.000000000000000000e+00
5.413731700000000072e-05 9.977523255739999541e-01 0.000000000000000000e+00
0.000000000000000000e+00 9.973081726670000036e-01 3.019986659999999859e-04
0.000000000000000000e+00 9.960307467719999863e-01 2.435267648900000040e-02
3.999999999999999920e-12 9.976652529099999667e-01 1.884085199999999984e-05
0.000000000000000000e+00 9.902691728870000043e-01 1.024807959919999956e-01
9.999999999999999799e-13 9.976840657009999891e-01 2.287747199999999915e-05
0.000000000000000000e+00 9.801857978079999700e-01 1.717411172870000058e-01
0.000000000000000000e+00 9.972179286140000487e-01 8.953844219999999854e-04
0.000000000000000000e+00 9.962107364610000015e-01 1.845081121300000057e-02
0.000000000000000000e+00 9.972423525110000186e-01 7.797305959999999668e-04
0.000000000000000000e+00 9.960768351619999628e-01 2.303250438700000027e-02
0.000000000000000000e+00 9.928399773310000453e-01 7.492115973400000073e-02
0.000000000000000000e+00 9.968977713540000396e-01 2.196806286000000091e-03
0.000000000000000000e+00 9.918597594470000001e-01 8.689472616799999438e-02
0.000000000000000000e+00 9.976113738059999569e-01 5.094601600000000022e-05
3.865245209999999929e-04 9.974590022329999917e-01 0.000000000000000000e+00
2.978998360499999776e-01 9.481031896270000203e-01 0.000000000000000000e+00
2.645340000000000049e-07 9.980299436249999712e-01 1.499999999999999990e-11
0.000000000000000000e+00 9.950043409069999623e-01 4.533344656899999936e-02
0.000000000000000000e+00 9.969158808250000448e-01 3.525495052999999806e-03
0.000000000000000000e+00 9.599148704159999879e-01 2.611201069799999885e-01
0.000000000000000000e+00 9.971104334739999686e-01 1.371847730999999938e-03
0.000000000000000000e+00 9.867234910500000122e-01 1.309608108429999862e-01
0.000000000000000000e+00 9.901498216620000514e-01 1.030939519700000001e-01
0.000000000000000000e+00 9.964579932329999945e-01 1.363750999899999983e-02
8.973667899999999335e-05 9.977192383670000497e-01 0.000000000000000000e+00
8.837979589859999985e-01 4.545420107279999899e-01 0.000000000000000000e+00
9.979766044019999782e-01 1.693851500000000159e-05 0.000000000000000000e+00
9.982775014289999582e-01 0.000000000000000000e+00 2.603556999999999982e-05
9.982236697199999842e-01 0.000000000000000000e+00 3.849179999999999796e-06
9.985607572239999508e-01 0.000000000000000000e+00 1.864000000000000181e-09
9.977902638160000004e-01 0.000000000000000000e+00 8.614332890000000282e-04
9.986648157290000105e-01 3.999999999999999920e-12 9.999999999999999395e-12
9.984973228479999685e-01 0.000000000000000000e+00 9.079600000000000120e-08
9.984387530530000054e-01 0.000000000000000000e+00 1.128337000000000070e-05
9.985735551219999673e-01 3.999999999999999920e-12 7.296999999999999927e-09
9.984701626840000177e-01 0.000000000000000000e+00 1.196932300000000033e-05
9.986275320459999660e-01 0.000000000000000000e+00 1.652080000000000060e-07
9.986757095720000255e-01 0.000000000000000000e+00 5.734000000000000258e-09
9.983711643270000158e-01 0.000000000000000000e+00 4.858845599999999699e-05
9.986287957539999871e-01 0.000000000000000000e+00 2.141200000000000009e-08
9.985975212259999845e-01 0.000000000000000000e+00 5.639850000000000305e-07
9.986340795010000271e-01 0.000000000000000000e+00 3.778699999999999948e-08
9.985456260080000090e-01 0.000000000000000000e+00 6.105390000000000383e-07
9.986125827259999532e-01 0.000000000000000000e+00 1.812240000000000086e-07
9.985241022809999700e-01 0.000000000000000000e+00 1.188220000000000035e-07
9.986089647860000307e-01 0.000000000000000000e+00 3.386309999999999834e-07
9.985041965219999538e-01 0.000000000000000000e+00 2.303681000000000179e-06
9.984777484179999663e-01 0.000000000000000000e+00 6.914273999999999727e-06
9.985709631970000055e-01 0.000000000000000000e+00 1.049002999999999907e-06
9.985370233639999649e-01 3.000000000000000142e-12 1.394400000000000065e-08
