#! FIELDS time at_wkernel-1 at_wkernel-2 at_wkernel-3 at_ext_wkernel
 0.000000 0.998685921074 0.000000000123 0.000000000031 0.001314078926
 1.000000 0.998618810488 0.000000004513 0.000000000001 0.001381189512
 2.000000 0.998410622979 0.000005998379 0.000000000000 0.001589377003
 3.000000 0.998083504095 0.000233996374 0.000000000000 0.001916468475
 4.000000 0.998718372262 0.000000000016 0.000000000047 0.001281627738
 5.000000 0.997622203966 0.000000000000 0.009363900634 0.002333851190
 6.000000 0.998718923962 0.000000000010 0.000000000046 0.001281076038
 7.000000 0.996813477345 0.020926584505 0.000000000000 0.002966885928
 8.000000 0.998580391302 0.000000177440 0.000000000000 0.001419608698
 9.000000 0.997862717486 0.000000000000 0.003765918249 0.002130176281
 10.000000 0.998553277377 0.000000000000 0.000001965434 0.001446722621
 11.000000 0.998267723017 0.000024565356 0.000000000000 0.001732276680
 12.000000 0.997803342286 0.001431651941 0.000000000000 0.002195630645
 13.000000 0.998699065780 0.000000000060 0.000000000043 0.001300934220
 14.000000 0.997989579519 0.000000000000 0.001833909495 0.002008735483
 15.000000 0.998674445971 0.000000000178 0.000000000028 0.001325554029
 16.000000 0.997857595135 0.001057300626 0.000000000000 0.002141844723
 17.000000 0.998148841470 0.000127834372 0.000000000000 0.001851150344
 18.000000 0.998663225096 0.000000001151 0.000000000003 0.001336774904
 19.000000 0.998533514944 0.000000600232 0.000000000000 0.001466485056
 20.000000 0.998529627680 0.000000292755 0.000000000000 0.001470372320
 21.000000 0.998176918428 0.000102326440 0.000000000000 0.001823076327
 22.000000 0.998207573053 0.000064079569 0.000000000000 0.001792424890
 23.000000 0.998707166414 0.000000000237 0.000000000001 0.001292833586
 24.000000 0.998263165451 0.000026507700 0.000000000000 0.001736834197
 25.000000 0.998717145741 0.000000000041 0.000000000012 0.001282854259
 26.000000 0.997907536254 0.000000000000 0.002888182254 0.002088284211
 27.000000 0.998706724897 0.000000000002 0.000000000783 0.001293275103
 28.000000 0.998168183842 0.000000000000 0.000472703568 0.001831704228
 29.000000 0.998685267406 0.000000000001 0.000000004030 0.001314732594
 30.000000 0.998216114921 0.000000000000 0.000333126650 0.001783829493
 31.000000 0.998663734083 0.000000000005 0.000000001481 0.001336265917
 32.000000 0.998305425900 0.000000000000 0.000125909449 0.001694566160
 33.000000 0.998631823350 0.000000000000 0.000000132233 0.001368176650
 34.000000 0.998449455614 0.000000000000 0.000008998320 0.001550544345
 35.000000 0.998614179498 0.000000000000 0.000000319113 0.001385820502
 36.000000 0.998407544339 0.000000000000 0.000024418958 0.001592455362
 37.000000 0.998670973891 0.000000000000 0.000000024522 0.001329026109
 38.000000 0.998191659615 0.000000000000 0.000349577885 0.001808279172
 39.000000 0.998717646714 0.000000000005 0.000000000154 0.001282353286
 40.000000 0.997912926075 0.000000000000 0.001299174578 0.002086228233
 41.000000 0.998638681803 0.000000000000 0.000000010531 0.001361318197
 42.000000 0.998207890860 0.000000000000 0.000027675747 0.001792108756
 43.000000 0.998184800850 0.000000000000 0.000233245604 0.001815171899
 44.000000 0.998522017283 0.000000000114 0.000000000728 0.001477982717
 45.000000 0.998526247407 0.000000000000 0.000001521805 0.001473752592
 46.000000 0.994704186409 0.000000000000 0.066963090022 0.003044397235
 47.000000 0.998427535207 0.000000000000 0.000010000920 0.001572464743
 48.000000 0.998314817463 0.000003304808 0.000000000000 0.001685182532
 49.000000 0.997189701534 0.006698514729 0.000000000000 0.002787800443
 50.000000 0.998255524445 0.000008435659 0.000000000000 0.001744475519
 51.000000 0.998659209686 0.000000003041 0.000000000000 0.001340790314
 52.000000 0.997397658705 0.007100084508 0.000000000000 0.002577070250
 53.000000 0.998286483465 0.000034112100 0.000000000000 0.001713515952
 54.000000 0.998671140289 0.000000000000 0.000000007540 0.001328859711
 55.000000 0.998194549303 0.000000000000 0.000374592319 0.001805380411
 56.000000 0.998695418519 0.000000000002 0.000000001203 0.001304581481
 57.000000 0.998618369641 0.000000000000 0.000000262631 0.001381630359
 58.000000 0.997047733755 0.000000000000 0.025939144258 0.002614907575
 59.000000 0.998338273173 0.000000000000 0.000079023573 0.001661723700
 60.000000 0.998599848601 0.000000097920 0.000000000000 0.001400151399
 61.000000 0.996671061202 0.024539642970 0.000000000000 0.003026881850
 62.000000 0.998281360614 0.000035627501 0.000000000000 0.001718638751
 63.000000 0.998705140463 0.000000000246 0.000000000004 0.001294859537
 64.000000 0.997222374263 0.011100724805 0.000000000000 0.002715842991
 65.000000 0.998026292084 0.000282925225 0.000000000000 0.001973667813
 66.000000 0.998622656041 0.000000000658 0.000000000020 0.001377343959
 67.000000 0.998417395868 0.000003393220 0.000000000000 0.001582604126
 68.000000 0.998563612463 0.000000037728 0.000000000000 0.001436387537
 69.000000 0.998645533561 0.000000014622 0.000000000000 0.001354466439
 70.000000 0.998438866597 0.000001713547 0.000000000000 0.001561133402
 71.000000 0.998705671919 0.000000000322 0.000000000002 0.001294328081
 72.000000 0.998470796752 0.000001844400 0.000000000000 0.001529203246
 73.000000 0.998598696686 0.000000077099 0.000000000000 0.001401303314
 74.000000 0.998657183806 0.000000008024 0.000000000000 0.001342816194
 75.000000 0.998551882573 0.000000216662 0.000000000000 0.001448117427
 76.000000 0.998564146634 0.000000145114 0.000000000000 0.001435853366
 77.000000 0.998464891266 0.000001851976 0.000000000000 0.001535108732
 78.000000 0.998535922702 0.000000446834 0.000000000000 0.001464077298
 79.000000 0.998640434802 0.000000002198 0.000000000002 0.001359565198
 80.000000 0.998675536039 0.000000003807 0.000000000000 0.001324463961
 81.000000 0.998528625692 0.000000034596 0.000000000000 0.001471374308
 82.000000 0.998670345642 0.000000003516 0.000000000000 0.001329654358
 83.000000 0.998595394795 0.000000014946 0.000000000000 0.001404605205
 84.000000 0.998641674462 0.000000020454 0.000000000000 0.001358325538
 85.000000 0.998614176685 0.000000034334 0.000000000000 0.001385823315
 86.000000 0.998668629372 0.000000004429 0.000000000000 0.001331370628
 87.000000 0.998617691748 0.000000052281 0.000000000000 0.001382308252
 88.000000 0.998380649913 0.000007910153 0.000000000000 0.001619350055
 89.000000 0.996434857363 0.029333465642 0.000000000000 0.003133470732
 90.000000 0.998258042431 0.000042839189 0.000000000000 0.001741956650
 91.000000 0.998585412702 0.000000039471 0.000000000000 0.001414587298
 92.000000 0.998702763518 0.000000000121 0.000000000015 0.001297236482
 93.000000 0.998559906655 0.000000169537 0.000000000000 0.001440093345
 94.000000 0.997494960975 0.005277509892 0.000000000000 0.002491078095
 95.000000 0.998215226842 0.000071326502 0.000000000000 0.001784770610
 96.000000 0.997343357853 0.008299054283 0.000000000000 0.002622113862
 97.000000 0.997538579551 0.004262505254 0.000000000000 0.002452313600
 98.000000 0.997623750033 0.003253030284 0.000000000000 0.002370946275
 99.000000 0.997982949030 0.000480717332 0.000000000000 0.002016935192
 100.000000 0.998022076511 0.000334858623 0.000000000000 0.001977867312
 101.000000 0.997922065042 0.000670786191 0.000000000000 0.002077709512
 102.000000 0.997792853596 0.001440601203 0.000000000000 0.002206106443
 103.000000 0.997500132612 0.004756698813 0.000000000000 0.002488526008
 104.000000 0.997124105079 0.012332658874 0.000000000000 0.002799631266
 105.000000 0.994629680174 0.060771596251 0.000000000000 0.003515485522
 106.000000 0.997973350731 0.000486757213 0.000000000000 0.002026530562
 107.000000 0.998700971544 0.000000000018 0.000000000149 0.001299028456
 108.000000 0.997319464528 0.000000000000 0.018614865938 0.002506828314
 109.000000 0.998368297159 0.000000000000 0.000059471688 0.001631701069
 110.000000 0.998680127152 0.000000000000 0.000000007824 0.001319872848
 111.000000 0.998049562352 0.000000000000 0.001152445746 0.001949772285
 112.000000 0.997956800706 0.000000000000 0.002376765147 0.002040369009
 113.000000 0.998713269025 0.000000000020 0.000000000067 0.001286730975
 114.000000 0.998224709583 0.000000000000 0.000264969996 0.001775255250
 115.000000 0.997638693558 0.000000000000 0.008929919089 0.002321341143
 116.000000 0.998633302758 0.000000000011 0.000000001287 0.001366697242
 117.000000 0.998347808643 0.000000000000 0.000052927665 0.001652189954
 118.000000 0.998509002126 0.000000000001 0.000000041487 0.001490997874
 119.000000 0.998511376417 0.000000000000 0.000001633926 0.001488623581
 120.000000 0.998369451194 0.000000000000 0.000014781072 0.001630548696
 121.000000 0.998634677190 0.000000000000 0.000000063907 0.001365322810
 122.000000 0.998353749056 0.000000000000 0.000030882533 0.001646250466
 123.000000 0.998680162459 0.000000000000 0.000000012453 0.001319837541
 124.000000 0.998347132214 0.000000000000 0.000067699446 0.001652865491
 125.000000 0.997726243017 0.000000000000 0.006843749318 0.002250285437
 126.000000 0.997855224171 0.000000000000 0.004038867506 0.002136602106
 127.000000 0.998572625139 0.000000000000 0.000000955189 0.001427374860
 128.000000 0.998576802386 0.000000005380 0.000000000003 0.001423197614
 129.000000 0.997986002560 0.000448441327 0.000000000000 0.002013896688
 130.000000 0.995668558528 0.044521794884 0.000000000000 0.003336531892
 131.000000 0.996978876697 0.015419270234 0.000000000000 0.002901893255
 132.000000 0.998154101332 0.000120769750 0.000000000000 0.001845891362
 133.000000 0.998673488602 0.000000000256 0.000000000018 0.001326511398
 134.000000 0.998563624609 0.000000269395 0.000000000000 0.001436375391
 135.000000 0.997576566530 0.003467400416 0.000000000000 0.002417407451
 136.000000 0.998054599363 0.000232109214 0.000000000000 0.001945373647
 137.000000 0.998699893395 0.000000000557 0.000000000001 0.001300106605
 138.000000 0.998527240203 0.000000346890 0.000000000000 0.001472759797
 139.000000 0.998565617627 0.000000274757 0.000000000000 0.001434382373
 140.000000 0.998691266947 0.000000000339 0.000000000006 0.001308733053
 141.000000 0.998318671414 0.000017817726 0.000000000000 0.001681328427
 142.000000 0.998668034439 0.000000005349 0.000000000000 0.001331965561
 143.000000 0.998465879678 0.000000275758 0.000000000000 0.001534120322
 144.000000 0.998476591245 0.000001756048 0.000000000000 0.001523408754
 145.000000 0.998352542575 0.000009048807 0.000000000000 0.001647457384
 146.000000 0.998540859958 0.000000503427 0.000000000000 0.001459140042
 147.000000 0.998467042070 0.000001644300 0.000000000000 0.001532957929
 148.000000 0.998507994570 0.000000871823 0.000000000000 0.001492005430
 149.000000 0.998468581134 0.000000055930 0.000000000000 0.001531418866
 150.000000 0.998665472768 0.000000003457 0.000000000000 0.001334527232
 151.000000 0.998258303978 0.000045195732 0.000000000000 0.001741694999
 152.000000 0.998564473426 0.000000277769 0.000000000000 0.001435526574
 153.000000 0.998645135528 0.000000000141 0.000000000081 0.001354864472
 154.000000 0.997752022484 0.000000000000 0.006330544292 0.002227894676
 155.000000 0.997979600617 0.000000000000 0.002082015742 0.002018227603
 156.000000 0.998654721819 0.000000006215 0.000000000000 0.001345278181
 157.000000 0.997731142100 0.001991417956 0.000000000000 0.002266870520
 158.000000 0.994567954955 0.059740441232 0.000000000000 0.003639454142
 159.000000 0.997159701048 0.012640889093 0.000000000000 0.002760178557
 160.000000 0.998597573953 0.000000093559 0.000000000000 0.001402426047
 161.000000 0.998408749871 0.000000000000 0.000006016186 0.001591250111
 162.000000 0.995177873374 0.000000000000 0.058931563345 0.003078775022
 163.000000 0.998190912946 0.000000000000 0.000392010471 0.001809010078
 164.000000 0.998694624952 0.000000000000 0.000000003186 0.001305375048
 165.000000 0.998139997906 0.000000000000 0.000449990491 0.001859900660
 166.000000 0.998665031993 0.000000000000 0.000000030775 0.001334968007
 167.000000 0.998314712127 0.000000000000 0.000081717786 0.001685284528
 168.000000 0.998675253038 0.000000000001 0.000000003166 0.001324746962
 169.000000 0.998628536625 0.000000000000 0.000000151928 0.001371463375
 170.000000 0.998340691132 0.000000000000 0.000017192834 0.001659308720
 171.000000 0.998648195936 0.000000000000 0.000000058148 0.001351804064
 172.000000 0.998617251163 0.000000000002 0.000000007304 0.001382748837
 173.000000 0.998606507972 0.000000000000 0.000000278740 0.001393492028
 174.000000 0.998551467981 0.000000000000 0.000001596831 0.001448532018
 175.000000 0.998637173466 0.000000000000 0.000000129491 0.001362826534
 176.000000 0.998656849221 0.000000000001 0.000000005006 0.001343150779
 177.000000 0.998615889306 0.000000000000 0.000000131667 0.001384110694
 178.000000 0.998579351498 0.000000000000 0.000000905857 0.001420648502
 179.000000 0.998613050926 0.000000000000 0.000000149248 0.001386949074
 180.000000 0.998605897157 0.000000000001 0.000000019856 0.001394102843
 181.000000 0.998569054997 0.000000000000 0.000001304604 0.001430945002
 182.000000 0.998580547114 0.000000000000 0.000000256674 0.001419452886
 183.000000 0.998670525889 0.000000000001 0.000000003617 0.001329474111
 184.000000 0.998631554538 0.000000000000 0.000000129148 0.001368445462
 185.000000 0.998548190787 0.000000000000 0.000000917450 0.001451809213
 186.000000 0.998678071431 0.000000000000 0.000000015966 0.001321928569
 187.000000 0.998654113255 0.000000000000 0.000000032192 0.001345886745
 188.000000 0.998659027348 0.000000000000 0.000000048620 0.001340972652
 189.000000 0.998572603951 0.000000000000 0.000000421602 0.001427396049
 190.000000 0.998542866678 0.000000000000 0.000002380427 0.001457133319
 191.000000 0.998657284460 0.000000000001 0.000000005062 0.001342715540
 192.000000 0.998573586035 0.000000000000 0.000000917234 0.001426413965
 193.000000 0.998369305929 0.000000000000 0.000058692055 0.001630692346
 194.000000 0.998555983984 0.000000000000 0.000000611969 0.001444016016
 195.000000 0.998671952709 0.000000000000 0.000000023987 0.001328047291
 196.000000 0.997960765865 0.000000000000 0.001886346289 0.002037451350
 197.000000 0.997516214597 0.000000000000 0.009797342875 0.002435673096
 198.000000 0.997937684160 0.000000000000 0.001980138316 0.002060351317
 199.000000 0.996923211103 0.000000000000 0.026825174714 0.002715948771
 200.000000 0.996688003327 0.000000000000 0.034294105149 0.002722174305
 201.000000 0.997983157600 0.000000000000 0.001515284996 0.002015692036
 202.000000 0.992845402144 0.000000000000 0.088885781875 0.003183730681
 203.000000 0.997662476618 0.000000000000 0.007951274642 0.002305838435
 204.000000 0.997617439385 0.000000000000 0.009539800947 0.002336949082
 205.000000 0.998515192051 0.000000000000 0.000002400869 0.001484807946
 206.000000 0.998523339701 0.000000004047 0.000000000010 0.001476660299
 207.000000 0.998301372810 0.000008083148 0.000000000000 0.001698627157
 208.000000 0.998228486307 0.000028922837 0.000000000000 0.001771513274
 209.000000 0.998398715960 0.000006066370 0.000000000000 0.001601284022
 210.000000 0.998379353987 0.000006116069 0.000000000000 0.001620645994
 211.000000 0.998518908254 0.000000812272 0.000000000000 0.001481091746
 212.000000 0.998466232133 0.000002354452 0.000000000000 0.001533767864
 213.000000 0.998610984986 0.000000030076 0.000000000000 0.001389015014
 214.000000 0.998691549739 0.000000001091 0.000000000000 0.001308450261
 215.000000 0.998253824444 0.000032192049 0.000000000000 0.001746175037
 216.000000 0.998548008509 0.000000272787 0.000000000000 0.001451991491
 217.000000 0.998583886022 0.000000027025 0.000000000000 0.001416113978
 218.000000 0.998699434573 0.000000000616 0.000000000001 0.001300565427
 219.000000 0.998640173253 0.000000021900 0.000000000000 0.001359826747
 220.000000 0.998615857168 0.000000031170 0.000000000000 0.001384142832
 221.000000 0.998703969538 0.000000000359 0.000000000001 0.001296030462
 222.000000 0.998472737782 0.000000007076 0.000000000009 0.001527262218
 223.000000 0.998705291096 0.000000000305 0.000000000001 0.001294708904
 224.000000 0.998537445534 0.000000214719 0.000000000000 0.001462554466
 225.000000 0.998131191851 0.000152431222 0.000000000000 0.001868796510
 226.000000 0.998112405252 0.000187454394 0.000000000000 0.001887577145
 227.000000 0.997503044929 0.004931856415 0.000000000000 0.002484763099
 228.000000 0.998030054884 0.000348746619 0.000000000000 0.001969884184
 229.000000 0.997952384642 0.000592985063 0.000000000000 0.002047439181
 230.000000 0.997394909969 0.007147875274 0.000000000000 0.002579477576
 231.000000 0.998507964527 0.000000995502 0.000000000000 0.001492035472
 232.000000 0.998636084416 0.000000003444 0.000000000001 0.001363915584
 233.000000 0.998694837938 0.000000000883 0.000000000000 0.001305162062
 234.000000 0.998435963425 0.000000495458 0.000000000000 0.001564036575
 235.000000 0.998675729858 0.000000002307 0.000000000000 0.001324270142
 236.000000 0.998548669953 0.000000086925 0.000000000000 0.001451330047
 237.000000 0.998241950811 0.000054662508 0.000000000000 0.001758047693
 238.000000 0.998589371628 0.000000132389 0.000000000000 0.001410628372
 239.000000 0.998570064016 0.000000039255 0.000000000000 0.001429935984
 240.000000 0.998681306608 0.000000002514 0.000000000000 0.001318693392
 241.000000 0.998672114474 0.000000000165 0.000000000034 0.001327885526
 242.000000 0.998476648625 0.000000000000 0.000010606123 0.001523351319
 243.000000 0.994470288094 0.000000000000 0.070270694936 0.003050089289
 244.000000 0.997944931543 0.000000000000 0.001670749308 0.002053669883
 245.000000 0.998656417610 0.000000000002 0.000000003874 0.001343582390
 246.000000 0.998661426797 0.000000007162 0.000000000000 0.001338573203
 247.000000 0.998326951693 0.000020337923 0.000000000000 0.001673048100
 248.000000 0.997365369042 0.007747357291 0.000000000000 0.002604541363
 249.000000 0.997788258246 0.001309599142 0.000000000000 0.002210882328
 250.000000 0.997788771491 0.001352596306 0.000000000000 0.002210311724
 251.000000 0.997983206132 0.000358264829 0.000000000000 0.002016729561
 252.000000 0.997524058686 0.004132761172 0.000000000000 0.002467380296
 253.000000 0.997603491727 0.002362819908 0.000000000000 0.002393710112
 254.000000 0.997876923960 0.000896970868 0.000000000000 0.002122672906
 255.000000 0.997835771964 0.001204927151 0.000000000000 0.002163500537
 256.000000 0.997557812691 0.004073143134 0.000000000000 0.002433871788
 257.000000 0.977564087527 0.188293164770 0.000000000000 0.004467046692
 258.000000 0.997945662341 0.000543739262 0.000000000000 0.002054189528
 259.000000 0.998660075967 0.000000000853 0.000000000005 0.001339924033
 260.000000 0.998392309769 0.000000000000 0.000042608909 0.001607689322
 261.000000 0.998255830798 0.000000000000 0.000224658463 0.001744143922
 262.000000 0.998696050106 0.000000000002 0.000000000977 0.001303949894
 263.000000 0.998447500890 0.000000000000 0.000017664488 0.001552498954
 264.000000 0.998263996156 0.000000000000 0.000181617131 0.001735987323
 265.000000 0.998699319359 0.000000000083 0.000000000029 0.001300680641
 266.000000 0.998714140090 0.000000000029 0.000000000041 0.001285859910
 267.000000 0.998163011298 0.000000000000 0.000287169847 0.001836947392
 268.000000 0.994354797639 0.000000000000 0.070654287741 0.003138178099
 269.000000 0.997704152675 0.000000000000 0.007212458680 0.002269778033
 270.000000 0.993205858357 0.000000000000 0.084323942134 0.003220985228
 271.000000 0.997815606112 0.000000000000 0.004588697842 0.002173842823
 272.000000 0.997087911282 0.000000000000 0.024919857683 0.002600730835
 273.000000 0.992852956997 0.000000000000 0.086884578735 0.003352658038
 274.000000 0.992251903306 0.000000000000 0.094481976648 0.003259971946
 275.000000 0.588415259376 0.000000000000 0.801374477488 0.005800034885
 276.000000 0.000000000000 0.000113039009 0.997469571159 0.002530422436
 277.000000 0.000000630183 0.000000001963 0.997745298948 0.002254701052
 278.000000 0.001610243831 0.000000000000 0.996715938325 0.003282760962
 279.000000 0.000000000000 0.013856773486 0.996430720813 0.003472934863
 280.000000 0.001016378248 0.000000000000 0.996990613874 0.003008868054
 281.000000 0.000482609122 0.000000000000 0.997454979261 0.002544903986
 282.000000 0.000000000004 0.000007668040 0.997872037936 0.002127962034
 283.000000 0.002100106405 0.000000000000 0.997195787009 0.002802001568
 284.000000 0.000000000002 0.000036603199 0.997824463300 0.002175536029
 285.000000 0.000310096116 0.000000000000 0.997526187622 0.002473764179
 286.000000 0.004796414900 0.000000000000 0.996932615527 0.003055846349
 287.000000 0.000000000000 0.000454140743 0.997582624501 0.002417272127
 288.000000 0.000000012280 0.000000010511 0.998070458634 0.001929541366
 289.000000 0.000002289857 0.000000000014 0.997962958029 0.002037041969
 290.000000 0.000000007172 0.000000011703 0.998070818575 0.001929181425
 291.000000 0.000023047761 0.000000000000 0.997829541196 0.002170458537
 292.000000 0.000000001252 0.000000216763 0.998028487108 0.001971512892
 293.000000 0.000134891884 0.000000000000 0.997649611851 0.002350379029
 294.000000 0.000000000017 0.000013585309 0.997875439550 0.002124560358
 295.000000 0.000128177599 0.000000000000 0.997637314799 0.002362676967
 296.000000 0.000000000113 0.000001633722 0.997985186481 0.002014813517
 297.000000 0.000039370261 0.000000000000 0.997750684358 0.002249314865
 298.000000 0.000000000935 0.000000815492 0.997928645330 0.002071354670
 299.000000 0.000000610442 0.000000000003 0.997809291821 0.002190708179
 300.000000 0.000531420525 0.000000000000 0.997429852273 0.002570006160
 301.000000 0.000000000002 0.000023631754 0.997847504680 0.002152495040
 302.000000 0.000105623959 0.000000000000 0.997685465050 0.002314529359
 303.000000 0.000000000035 0.000003442313 0.997958496786 0.002041503208
 304.000000 0.000001351981 0.000000000031 0.997985167238 0.002014832761
 305.000000 0.000000017137 0.000000005570 0.998072964473 0.001927035527
 306.000000 0.000000007645 0.000000019960 0.998066906751 0.001933093249
 307.000000 0.000000714473 0.000000000058 0.998012961447 0.001987038553
 308.000000 0.001188037062 0.000000000000 0.997300944421 0.002698347953
 309.000000 0.000000000530 0.000000237407 0.998038907261 0.001961092739
 310.000000 0.000000007101 0.000000073791 0.997996584624 0.002003415376
 311.000000 0.000001950525 0.000000000003 0.997951390275 0.002048609723
 312.000000 0.000000000008 0.000018539342 0.997868096512 0.002131903315
 313.000000 0.000212083917 0.000000000000 0.997565770337 0.002434207118
 314.000000 0.024294064448 0.000000000000 0.995925794637 0.003777941426
 315.000000 0.000001172962 0.000000000005 0.997952270335 0.002047729665
 316.000000 0.000000000000 0.010691098735 0.996794878436 0.003147789655
 317.000000 0.000011994707 0.000000000000 0.997775598421 0.002224401506
 318.000000 0.000000000180 0.000002031300 0.997952522093 0.002047477905
 319.000000 0.000176847904 0.000000000000 0.997615716571 0.002384267754
 320.000000 0.002565264468 0.000000000000 0.997108714911 0.002887985262
 321.000000 0.000000000001 0.000214801864 0.997644310340 0.002355666536
 322.000000 0.000000000692 0.000000182777 0.998044060370 0.001955939630
 323.000000 0.000000216181 0.000000000695 0.998018336280 0.001981663720
 324.000000 0.000000002544 0.000000074126 0.998054354564 0.001945645436
 325.000000 0.000000611469 0.000000000030 0.998012236450 0.001987763550
 326.000000 0.000000000109 0.000004524942 0.997896097983 0.002103902007
 327.000000 0.000002161837 0.000000000001 0.997841897845 0.002158102152
 328.000000 0.000003378366 0.000000000014 0.997923404630 0.002076595365
 329.000000 0.000001854845 0.000000000002 0.997909237152 0.002090762846
 330.000000 0.000056330572 0.000000000000 0.997724074254 0.002275924156
 331.000000 0.000000009783 0.000000003817 0.998046688995 0.001953311005
 332.000000 0.000014841014 0.000000000001 0.997842878843 0.002157121047
 333.000000 0.000000939041 0.000000000021 0.998003918210 0.001996081790
 334.000000 0.000000098060 0.000000000851 0.998057843767 0.001942156233
 335.000000 0.000013499404 0.000000000002 0.997837771085 0.002162228824
 336.000000 0.000006124272 0.000000000000 0.997886009397 0.002113990584
 337.000000 0.000034149091 0.000000000000 0.997791249921 0.002208749494
 338.000000 0.000014011532 0.000000000000 0.997832805388 0.002167194513
 339.000000 0.000000054158 0.000000001990 0.998062961028 0.001937038972
 340.000000 0.000000003352 0.000000057574 0.998056067530 0.001943932470
 341.000000 0.000000031495 0.000000002977 0.998070422123 0.001929577877
 342.000000 0.000000011825 0.000000011751 0.998069117510 0.001930882490
 343.000000 0.000043334649 0.000000000000 0.997771857209 0.002228141850
 344.000000 0.000000059432 0.000000002087 0.998058303288 0.001941696712
 345.000000 0.000000006610 0.000000020560 0.998068844327 0.001931155673
 346.000000 0.000000000000 0.000969340766 0.997401839050 0.002597689916
 347.000000 0.000000000000 0.000587450255 0.997544343646 0.002455483381
 348.000000 0.000000000014 0.000039275299 0.997727414711 0.002272584516
 349.000000 0.000000000084 0.000001372889 0.997991802686 0.002008197313
 350.000000 0.000000000000 0.002375999466 0.997323800669 0.002673369074
 351.000000 0.000000001844 0.000000214383 0.998009245868 0.001990754132
 352.000000 0.026763481851 0.000000000000 0.995866943777 0.003773492790
 353.000000 0.000047297023 0.000000000000 0.997752462431 0.002247536448
 354.000000 0.000000000000 0.012354739343 0.996835888248 0.003087552649
 355.000000 0.000000004244 0.000000028786 0.998067847590 0.001932152410
 356.000000 0.253388520625 0.000000000000 0.961598267518 0.005577066597
 357.000000 0.000000001212 0.000000075632 0.998053297299 0.001946702701
 358.000000 0.000000000001 0.000131789113 0.997714292550 0.002285698746
 359.000000 0.000000000000 0.000212680952 0.997672148503 0.002327828828
 360.000000 0.000000002482 0.000000177651 0.998004465198 0.001995534802
 361.000000 0.027544918099 0.000000000000 0.995532794762 0.004086214595
 362.000000 0.000289297194 0.000000000000 0.997532080467 0.002467877584
 363.000000 0.001991523056 0.000000000000 0.997130218928 0.002867792285
 364.000000 0.000004422766 0.000000000002 0.997935230408 0.002064769582
 365.000000 0.000026111505 0.000000000000 0.997815900298 0.002184099361
 366.000000 0.000003710302 0.000000000005 0.997946190924 0.002053809069
 367.000000 0.000018094858 0.000000000000 0.997846501200 0.002153498636
 368.000000 0.000004176104 0.000000000004 0.997939198882 0.002060801109
 369.000000 0.000000025010 0.000000004985 0.998068169564 0.001931830436
 370.000000 0.000003668227 0.000000000003 0.997947103241 0.002052896752
 371.000000 0.000000074025 0.000000001947 0.998049583397 0.001950416603
 372.000000 0.000001191711 0.000000000010 0.997986714594 0.002013285405
 373.000000 0.000000331227 0.000000000429 0.998004639313 0.001995360687
 374.000000 0.000000044942 0.000000000633 0.998044172394 0.001955827606
 375.000000 0.000004511686 0.000000000012 0.997893573305 0.002106426685
 376.000000 0.000000062474 0.000000000871 0.998063967244 0.001936032756
 377.000000 0.000001031668 0.000000000027 0.998002372353 0.001997627647
 378.000000 0.000000252166 0.000000000150 0.998041994900 0.001958005100
 379.000000 0.000000085636 0.000000001054 0.998059029118 0.001940970882
 380.000000 0.000000317090 0.000000000276 0.998026430020 0.001973569980
 381.000000 0.000000479817 0.000000000078 0.998026815374 0.001973184626
 382.000000 0.000000427193 0.000000000097 0.998029871257 0.001970128743
 383.000000 0.000000130926 0.000000000268 0.998049850906 0.001950149094
 384.000000 0.000000424426 0.000000000229 0.998011720822 0.001988279178
 385.000000 0.000000129949 0.000000000563 0.998054234421 0.001945765579
 386.000000 0.000000737363 0.000000000041 0.998013893000 0.001986106999
 387.000000 0.000000732612 0.000000000024 0.998008043704 0.001991956296
 388.000000 0.000000882267 0.000000000067 0.997996513404 0.002003486596
 389.000000 0.000000074083 0.000000000586 0.998059021943 0.001940978057
 390.000000 0.000000287608 0.000000000613 0.997998627044 0.002001372956
 391.000000 0.000000105558 0.000000000113 0.997992155325 0.002007844675
 392.000000 0.000000683059 0.000000000266 0.997953415719 0.002046584280
 393.000000 0.000000036405 0.000000000483 0.998009740788 0.001990259212
 394.000000 0.000000217636 0.000000000922 0.998002037262 0.001997962738
 395.000000 0.000000039046 0.000000000665 0.998038276366 0.001961723634
 396.000000 0.000000177514 0.000000000702 0.998033038083 0.001966961917
 397.000000 0.000000296560 0.000000000177 0.998038486437 0.001961513563
 398.000000 0.000000858070 0.000000000035 0.998008841953 0.001991158047
 399.000000 0.000000842581 0.000000000034 0.998009497456 0.001990502543
 400.000000 0.000000145060 0.000000000768 0.998042680064 0.001957319936
 401.000000 0.000000095960 0.000000001485 0.998044350067 0.001955649933
 402.000000 0.000059236625 0.000000000000 0.997742806007 0.002257192234
 403.000000 0.051234980624 0.000000000000 0.994197457610 0.004483245768
 404.000000 0.011301113986 0.000000000000 0.996635057326 0.003300871542
 405.000000 0.005493726708 0.000000000000 0.996839823110 0.003145038649
 406.000000 0.009861390974 0.000000000000 0.996677628392 0.003273587202
 407.000000 0.004321582646 0.000000000000 0.996888899973 0.003101732890
 408.000000 0.035370754467 0.000000000000 0.995392429401 0.003979328136
 409.000000 0.096808363562 0.000000000000 0.990316936797 0.004962566251
 410.000000 0.001764468943 0.000000000000 0.997213393223 0.002785045753
 411.000000 0.003397568651 0.000000000000 0.996956104508 0.003038106151
 412.000000 0.001929171632 0.000000000000 0.997207050854 0.002791083085
 413.000000 0.000893551520 0.000000000000 0.997267067915 0.002732531774
 414.000000 0.000726147313 0.000000000000 0.997411937889 0.002587797782
 415.000000 0.000202998841 0.000000000000 0.997496982986 0.002502996358
 416.000000 0.000329470702 0.000000000000 0.997538869014 0.002461076577
 417.000000 0.000110858575 0.000000000000 0.997628185663 0.002371808177
 418.000000 0.029631397922 0.000000000000 0.995791429527 0.003767802737
 419.000000 0.000459857778 0.000000000000 0.997456659920 0.002543234075
 420.000000 0.000000000099 0.000002017927 0.997975850024 0.002024149974
 421.000000 0.000000000001 0.000049111106 0.997805648511 0.002194350280
 422.000000 0.000000000001 0.000141981259 0.997698820729 0.002301169168
 423.000000 0.000000000008 0.000012596041 0.997895237905 0.002104762015
 424.000000 0.000000000204 0.000002050323 0.997944214160 0.002055785838
 425.000000 0.000000000121 0.000000774726 0.998004789201 0.001995210798
 426.000000 0.000000000000 0.006116110422 0.997082904678 0.002898337375
 427.000000 0.000000000531 0.000000157432 0.998037834520 0.001962165480
 428.000000 0.000000000000 0.012843239241 0.996686578231 0.003230676625
 429.000000 0.000000000022 0.000004798102 0.997943557984 0.002056442004
 430.000000 0.000000000005 0.000063625403 0.997730502502 0.002269495469
 431.000000 0.000000000001 0.000104914102 0.997738747961 0.002261246523
 432.000000 0.000000000001 0.000156642031 0.997693599091 0.002306388612
 433.000000 0.000000000001 0.000128011341 0.997719631320 0.002280360468
 434.000000 0.000000000000 0.000338926259 0.997586066547 0.002413875879
 435.000000 0.000000000000 0.001023999153 0.997415644700 0.002583829654
 436.000000 0.000000000000 0.004433400251 0.997036323262 0.002953820056
 437.000000 0.000000000000 0.002410531373 0.997326266586 0.002670820299
 438.000000 0.000000000000 0.001740185526 0.997378730391 0.002619751508
 439.000000 0.000000000070 0.000003437243 0.997948555591 0.002051444403
 440.000000 0.000010520500 0.000000000000 0.997885052562 0.002114947382
 441.000000 0.135536622682 0.000000000000 0.985654513814 0.005070355910
 442.000000 0.000010141374 0.000000000001 0.997888447105 0.002111552843
 443.000000 0.000000000000 0.000224238144 0.997666554468 0.002333420332
 444.000000 0.000000000000 0.008154563529 0.996983769928 0.002982881588
 445.000000 0.000000394638 0.000000000078 0.998030827303 0.001969172697
 446.000000 0.004839824019 0.000000000000 0.996884000674 0.003104250838
 447.000000 0.011781701449 0.000000000000 0.996402358680 0.003527988916
 448.000000 0.043515984107 0.000000000000 0.995008642114 0.004040242403
 449.000000 0.020182470353 0.000000000000 0.996003479231 0.003792058479
 450.000000 0.020849085033 0.000000000000 0.996104239701 0.003677591993
 451.000000 0.004818002449 0.000000000000 0.996891887103 0.003096470204
 452.000000 0.042845231027 0.000000000000 0.995047917152 0.004030085168
 453.000000 0.086360996172 0.000000000000 0.991354782210 0.004890696521
 454.000000 0.026008035438 0.000000000000 0.995971214333 0.003689266500
 455.000000 0.007734566613 0.000000000000 0.996486022133 0.003483961079
 456.000000 0.113865450072 0.000000000000 0.988655680431 0.004808865007
 457.000000 0.000031956905 0.000000000000 0.997760852457 0.002239147031
 458.000000 0.000000006866 0.000000074346 0.997998898838 0.002001101162
 459.000000 0.000000000000 0.002849861042 0.997295134411 0.002700793730
 460.000000 0.000000000285 0.000000376823 0.998026483769 0.001973516231
 461.000000 0.000000000000 0.007168575312 0.996863570507 0.003110654748
 462.000000 0.000000000253 0.000000263483 0.998017057850 0.001982942150
 463.000000 0.000000000000 0.003064736889 0.997187436976 0.002807853483
 464.000000 0.000000000078 0.000000855257 0.997988545949 0.002011454051
 465.000000 0.000000000000 0.002000920100 0.997251803348 0.002746189297
 466.000000 0.000000000044 0.000002165943 0.997973065532 0.002026934465
 467.000000 0.000000000000 0.001924040084 0.997277715230 0.002720428754
 468.000000 0.000000000000 0.004971746406 0.997160092397 0.002827513350
 469.000000 0.000000003475 0.000000203658 0.997962525997 0.002037474003
 470.000000 0.000000000000 0.002510007144 0.997280909337 0.002715932011
 471.000000 0.000000000162 0.000006349342 0.997807348547 0.002192651433
 472.000000 0.000000000000 0.000173681657 0.997681699669 0.002318285213
 473.000000 0.000000000006 0.000045959395 0.997768674896 0.002231324045
 474.000000 0.000000000000 0.000111102821 0.997730305229 0.002269688585
 475.000000 0.000000000018 0.000017670893 0.997840357538 0.002159642306
 476.000000 0.000000000000 0.016925703937 0.996695580564 0.003160715175
 477.000000 0.000000016584 0.000000011228 0.998059396270 0.001940603730
 478.000000 0.110453078765 0.000000000000 0.988935816471 0.004915113316
 479.000000 0.004831067733 0.000000000000 0.996947806152 0.003040488582
 480.000000 0.000000020765 0.000000007124 0.998065436742 0.001934563258
 481.000000 0.001633805014 0.000000000000 0.997204128130 0.002794533470
 482.000000 0.000000132263 0.000000000278 0.998050795009 0.001949204991
 483.000000 0.000004805156 0.000000000006 0.997918042797 0.002081957191
 484.000000 0.000589909890 0.000000000000 0.997241978927 0.002757846595
 485.000000 0.000046054155 0.000000000000 0.997761962654 0.002238036284
 486.000000 0.000012879206 0.000000000000 0.997831157178 0.002168842739
 487.000000 0.000018893225 0.000000000000 0.997841360560 0.002158639261
 488.000000 0.000006838744 0.000000000001 0.997903934748 0.002096065228
 489.000000 0.000104705463 0.000000000000 0.997686108704 0.002313885801
 490.000000 0.000000019548 0.000000002372 0.998061780703 0.001938219297
 491.000000 0.000399003347 0.000000000000 0.997503086042 0.002496834157
 492.000000 0.321365434360 0.000000000000 0.940863975720 0.005766243175
 493.000000 0.027823231807 0.000000000000 0.995099492247 0.004511611470
 494.000000 0.076854308836 0.000000000000 0.992761158898 0.004268458166
 495.000000 0.000001519688 0.000000000001 0.997805560960 0.002194439039
 496.000000 0.000001416276 0.000000000446 0.997771555195 0.002228444804
 497.000000 0.000300856825 0.000000000000 0.997111879308 0.002888075303
 498.000000 0.000048207267 0.000000000000 0.997730969209 0.002269029627
 499.000000 0.000000039830 0.000000001228 0.998064201394 0.001935798606
 500.000000 0.000000279817 0.000000000522 0.998010061698 0.001989938302
 501.000000 0.000004389045 0.000000000001 0.997928073904 0.002071926086
 502.000000 0.002044155439 0.000000000000 0.997170307028 0.002827597760
 503.000000 0.000000017533 0.000000009378 0.998063375113 0.001936624887
 504.000000 0.000003197473 0.000000000007 0.997950514504 0.002049485491
 505.000000 0.000000392231 0.000000000080 0.998031171220 0.001968828780
 506.000000 0.000000114189 0.000000001090 0.998045088571 0.001954911429
 507.000000 0.000000317132 0.000000000240 0.998030288223 0.001969711777
 508.000000 0.000000156316 0.000000000176 0.998041587429 0.001958412571
 509.000000 0.000000176106 0.000000000702 0.998033609535 0.001966390465
 510.000000 0.000000115897 0.000000000353 0.998054184328 0.001945815672
 511.000000 0.000003010168 0.000000000008 0.997954236651 0.002045763344
 512.000000 0.004845654268 0.000000000000 0.996863352442 0.003124870504
 513.000000 0.127390597720 0.000000000000 0.986864737097 0.004947049794
 514.000000 0.001020127552 0.000000000000 0.997184742808 0.002814735393
 515.000000 0.000000059451 0.000000006814 0.997993460097 0.002006539903
 516.000000 0.000002966367 0.000000000001 0.997904662880 0.002095337116
 517.000000 0.000148393869 0.000000000000 0.997645622001 0.002354366962
 518.000000 0.000000031332 0.000000000941 0.998043973906 0.001956026094
 519.000000 0.000056373322 0.000000000000 0.997743250056 0.002256748351
 520.000000 0.000052213457 0.000000000000 0.997592283735 0.002407714898
 521.000000 0.000003252367 0.000000000010 0.997940156416 0.002059843579
 522.000000 0.000000019227 0.000000002390 0.998061388141 0.001938611859
 523.000000 0.002315496781 0.000000000000 0.997169639998 0.002827671634
 524.000000 0.000000821203 0.000000000027 0.998008751656 0.001991248343
 525.000000 0.000000000000 0.005186289986 0.997156045274 0.002830467659
 526.000000 0.000000000000 0.000730294473 0.997519772752 0.002479959920
 527.000000 0.000000000003 0.000058821095 0.997771289351 0.002228708916
 528.000000 0.000000000001 0.000048790363 0.997803903568 0.002196095239
 529.000000 0.000000000002 0.000215186873 0.997528072842 0.002471903948
 530.000000 0.000000000000 0.016490844822 0.996715759024 0.003147828287
 531.000000 0.000000000000 0.017292731625 0.996666521846 0.003183470073
 532.000000 0.000000000000 0.044414468597 0.995459897529 0.003549774144
 533.000000 0.000000000516 0.000000180664 0.998038704956 0.001961295044
 534.000000 0.000000000000 0.010786125174 0.996880586803 0.003061062632
 535.000000 0.000000000000 0.013237337758 0.996808724980 0.003103384845
 536.000000 0.000000000000 0.012375136353 0.996817377771 0.003105808711
 537.000000 0.000000000211 0.000000559105 0.998018347487 0.001981652513
 538.000000 0.000000000000 0.019474139392 0.996606192073 0.003203559304
 539.000000 0.000000000001 0.000593881311 0.997261694600 0.002738128568
 540.000000 0.000000000000 0.000132741278 0.997650212552 0.002349778617
 541.000000 0.000000000139 0.000009650342 0.997745904369 0.002254095584
 542.000000 0.000000000000 0.002154921694 0.997290898954 0.002706772898
 543.000000 0.000000000001 0.000505304134 0.997424965098 0.002574906907
 544.000000 0.000000000000 0.000048065590 0.997764968532 0.002235030310
 545.000000 0.000000000000 0.001086414181 0.997384091121 0.002615317184
 546.000000 0.000000000069 0.000002311854 0.997974052542 0.002025947455
 547.000000 0.000000000000 0.000572977993 0.997550583971 0.002449251474
 548.000000 0.000000000000 0.000768420153 0.997499505545 0.002500198481
 549.000000 0.000000000005 0.000042500220 0.997795136912 0.002204862183
 550.000000 0.000000000005 0.000015616145 0.997880438953 0.002119560924
 551.000000 0.000000000058 0.000004861583 0.997925710447 0.002074289541
 552.000000 0.000000000014 0.000007906475 0.997920236377 0.002079763591
 553.000000 0.000000000037 0.000010226073 0.997866479708 0.002133520239
 554.000000 0.000000000189 0.000001451564 0.997978691956 0.002021308043
 555.000000 0.000000000000 0.001607200449 0.997399125530 0.002599579556
 556.000000 0.000000000012 0.000040531940 0.997739538083 0.002260461094
 557.000000 0.000000000004 0.000008864911 0.997877478021 0.002122521940
 558.000000 0.000000000105 0.000012671565 0.997727027120 0.002272972800
 559.000000 0.000000000034 0.000000955919 0.997931014002 0.002068985997
 560.000000 0.000000000013 0.000055617446 0.997659043416 0.002340955034
 561.000000 0.000000000000 0.002503706927 0.997228915008 0.002767942013
 562.000000 0.000000000071 0.000013894565 0.997756457038 0.002243542865
 563.000000 0.000000262748 0.000000000023 0.997944117141 0.002055882859
 564.000000 0.006276918312 0.000000000000 0.996818544001 0.003161693469
 565.000000 0.000000968268 0.000000000002 0.997867950247 0.002132049753
 566.000000 0.007619154949 0.000000000000 0.996814454971 0.003156426935
 567.000000 0.235219431366 0.000000000000 0.965380567504 0.006376418856
 568.000000 0.005284025364 0.000000000000 0.996878117724 0.003107878193
 569.000000 0.402163693434 0.000000000000 0.909297970390 0.005737240327
 570.000000 0.022141945036 0.000000000000 0.995583651423 0.004170158757
 571.000000 0.052563795173 0.000000000000 0.994530055043 0.004081839233
 572.000000 0.000001797065 0.000000000004 0.997953899892 0.002046100106
 573.000000 0.000000480470 0.000000000313 0.997984662880 0.002015337120
 574.000000 0.004841260461 0.000000000000 0.996936877333 0.003051367828
 575.000000 0.000018138890 0.000000000000 0.997807559104 0.002192440731
 576.000000 0.000004644876 0.000000000002 0.997935498603 0.002064501386
 577.000000 0.000000183393 0.000000000315 0.998049173994 0.001950826006
 578.000000 0.006213480314 0.000000000000 0.996728476154 0.003252157006
 579.000000 0.215658615884 0.000000000000 0.970712183272 0.005620403791
 580.000000 0.011037253067 0.000000000000 0.996541029468 0.003397850510
 581.000000 0.082065936032 0.000000000000 0.991702244125 0.004907964628
 582.000000 0.037061849475 0.000000000000 0.995278586696 0.004031604005
 583.000000 0.080190218993 0.000000000000 0.992150817183 0.004613785881
 584.000000 0.008921116278 0.000000000000 0.996558759405 0.003401310827
 585.000000 0.325874594365 0.000000000000 0.938766263162 0.006281554914
 586.000000 0.102752965269 0.000000000000 0.989707941902 0.004972371170
 587.000000 0.141604645062 0.000000000000 0.984832768700 0.005038966688
 588.000000 0.006332266401 0.000000000000 0.996639667797 0.003340216010
 589.000000 0.414954038208 0.000000000000 0.903003842076 0.006217935043
 590.000000 0.046126216374 0.000000000000 0.994579244537 0.004351717974
 591.000000 0.271615075121 0.000000000000 0.956340076821 0.005836486504
 592.000000 0.124919003926 0.000000000000 0.987011223091 0.005115126233
 593.000000 0.495395451034 0.000000000000 0.860495123407 0.007090885170
 594.000000 0.000000369218 0.000000000236 0.998021088074 0.001978911926
 595.000000 0.000000000000 0.260815265386 0.960488435164 0.004729867452
 596.000000 0.000000005706 0.000000019201 0.998070408267 0.001929591733
 597.000000 0.309328012171 0.000000000000 0.944982438697 0.005678307307
 598.000000 0.034957831144 0.000000000000 0.995470368642 0.003916015186
 599.000000 0.000000000000 0.008822633216 0.996967558869 0.002993404087
 600.000000 0.000000000000 0.997463135190 0.000181939279 0.002536848217
 601.000000 0.438624926567 0.891664815909 0.000000000000 0.006290802027
 602.000000 0.000000000000 0.992270626862 0.081361642353 0.004399320119
 603.000000 0.000569910585 0.997463394530 0.000000000000 0.002536442658
 604.000000 0.000011629836 0.997895279182 0.000000000000 0.002104720751
 605.000000 0.000000000000 0.997208511483 0.000893451571 0.002791088272
 606.000000 0.037194806072 0.995355617749 0.000000000000 0.003949670256
 607.000000 0.000000000008 0.997729366675 0.000008801828 0.002270633286
 608.000000 0.000000957171 0.998010113097 0.000000000001 0.001989886903
 609.000000 0.000060618509 0.997759771781 0.000000000000 0.002240226378
 610.000000 0.000000000003 0.997724646676 0.000013198717 0.002275353237
 611.000000 0.003671784233 0.997042624813 0.000000000000 0.002950614216
 612.000000 0.000000363431 0.998040896248 0.000000000003 0.001959103752
 613.000000 0.000000001584 0.998018743166 0.000000015239 0.001981256834
 614.000000 0.000140087513 0.997666805136 0.000000000000 0.002333185028
 615.000000 0.000615664439 0.997434306993 0.000000000000 0.002565502998
 616.000000 0.000954297540 0.997343951386 0.000000000000 0.002655592060
 617.000000 0.000000007623 0.998062791180 0.000000000777 0.001937208820
 618.000000 0.000000000066 0.997814116320 0.000001608771 0.002185883679
 619.000000 0.000069523126 0.997698949026 0.000000000000 0.002301048551
 620.000000 0.000000000104 0.997877108628 0.000000693125 0.002122891372
 621.000000 0.000007217192 0.997923663480 0.000000000000 0.002076336494
 622.000000 0.000000000808 0.997959707739 0.000000068493 0.002040292261
 623.000000 0.000004709782 0.997948420625 0.000000000000 0.002051579364
 624.000000 0.000000000969 0.997986731227 0.000000040325 0.002013268773
 625.000000 0.000000011314 0.998050625077 0.000000001183 0.001949374923
 626.000000 0.000000044501 0.998001734061 0.000000000549 0.001998265939
 627.000000 0.000000294718 0.998044946891 0.000000000003 0.001955053109
 628.000000 0.000000756464 0.998009218344 0.000000000002 0.001990781656
 629.000000 0.000000005533 0.998036186829 0.000000003616 0.001963813171
 630.000000 0.000000070723 0.997997348462 0.000000000299 0.002002651538
 631.000000 0.000000000027 0.997893420962 0.000000919490 0.002106579038
 632.000000 0.000009339820 0.997903156717 0.000000000000 0.002096843239
 633.000000 0.000001794562 0.997972603024 0.000000000001 0.002027396974
 634.000000 0.000000000134 0.997974327333 0.000000075483 0.002025672667
 635.000000 0.000001282696 0.997988319978 0.000000000001 0.002011680021
 636.000000 0.000000000000 0.997507217037 0.000120897676 0.002492775637
 637.000000 0.000000001078 0.997988933790 0.000000035966 0.002011066210
 638.000000 0.002855390349 0.997076609575 0.000000000000 0.002919301854
 639.000000 0.000030333418 0.997823531815 0.000000000000 0.002176467724
 640.000000 0.000000000000 0.997381796236 0.000325534088 0.002618150638
 641.000000 0.000000037648 0.998051525363 0.000000000251 0.001948474637
 642.000000 0.009575482125 0.996683203854 0.000000000000 0.003270799714
 643.000000 0.000005584368 0.997938551340 0.000000000000 0.002061448644
 644.000000 0.000000000017 0.997841035075 0.000002311867 0.002158964923
 645.000000 0.000000011118 0.998065626590 0.000000000506 0.001934373410
 646.000000 0.000255814301 0.997569284505 0.000000000000 0.002430682695
 647.000000 0.000398025375 0.997441992008 0.000000000000 0.002557928576
 648.000000 0.000000000065 0.997788006492 0.000001988344 0.002211993507
 649.000000 0.000000000020 0.997894908258 0.000000804257 0.002105091742
 650.000000 0.014083365337 0.996472796581 0.000000000000 0.003427686765
 651.000000 0.000022599994 0.997821988240 0.000000000000 0.002178011504
 652.000000 0.000000000000 0.996992688277 0.002691525997 0.003003678648
 653.000000 0.000000012436 0.998026532720 0.000000001871 0.001973467280
 654.000000 0.041088226756 0.994892630591 0.000000000000 0.004259276327
 655.000000 0.000000455894 0.998004006719 0.000000000010 0.001995993281
 656.000000 0.000000000000 0.996720672017 0.006412386505 0.003258701204
 657.000000 0.000001198176 0.997987076893 0.000000000001 0.002012923107
 658.000000 0.069285067063 0.993140152951 0.000000000000 0.004445991459
 659.000000 0.000000001172 0.998015813918 0.000000019848 0.001984186082
 660.000000 0.000000000000 0.997243341475 0.000713175569 0.002756403512
 661.000000 0.000187019689 0.997566427083 0.000000000000 0.002433555386
 662.000000 0.000320766004 0.997542515231 0.000000000000 0.002457433196
 663.000000 0.000000003197 0.998051381179 0.000000001838 0.001948618821
 664.000000 0.000000000000 0.997186444763 0.000615203419 0.002813365466
 665.000000 0.000000201383 0.998023489104 0.000000000002 0.001976510896
 666.000000 0.071720965105 0.993072768250 0.000000000000 0.004340710948
 667.000000 0.000000005649 0.998057671811 0.000000000818 0.001942328189
 668.000000 0.000000000000 0.996725383813 0.006337453678 0.003254468755
 669.000000 0.000002412473 0.997977101360 0.000000000000 0.002022898637
 670.000000 0.003269177607 0.997075756322 0.000000000000 0.002918884259
 671.000000 0.000014666585 0.997861677527 0.000000000000 0.002138322365
 672.000000 0.026131597326 0.995950245764 0.000000000000 0.003706994697
 673.000000 0.001984485660 0.997120186118 0.000000000000 0.002877839105
 674.000000 0.002546407403 0.997146638608 0.000000000000 0.002850110025
 675.000000 0.003476908549 0.996970116128 0.000000000000 0.003023821074
 676.000000 0.000002032605 0.997986254955 0.000000000000 0.002013745043
 677.000000 0.034251879273 0.995468576979 0.000000000000 0.003942331496
 678.000000 0.000001008406 0.997998507167 0.000000000000 0.002001492833
 679.000000 0.000000000000 0.997237333899 0.000689953328 0.002762427424
 680.000000 0.000000000705 0.997978304489 0.000000057835 0.002021695511
 681.000000 0.000000000005 0.997798687139 0.000005030218 0.002201312848
 682.000000 0.000000000092 0.997795462243 0.000001513908 0.002204537755
 683.000000 0.000000000000 0.997503971076 0.000133401258 0.002496020003
 684.000000 0.000000000003 0.997714887163 0.000014219636 0.002285112736
 685.000000 0.000000000012 0.997807316088 0.000003847240 0.002192683905
 686.000000 0.000000000164 0.997945232758 0.000000226318 0.002054767242
 687.000000 0.000000026161 0.998045150956 0.000000000496 0.001954849044
 688.000000 0.000000000199 0.997903768421 0.000000353134 0.002096231579
 689.000000 0.000000001374 0.998032679308 0.000000010524 0.001967320692
 690.000000 0.000000000865 0.997874034993 0.000000157253 0.002125965007
 691.000000 0.000000000030 0.997915728132 0.000000296037 0.002084271868
 692.000000 0.000000021809 0.997954568184 0.000000002621 0.002045431816
 693.000000 0.000000049789 0.998058849470 0.000000000030 0.001941150530
 694.000000 0.009526080666 0.996684723403 0.000000000000 0.003269753606
 695.000000 0.000244063664 0.997516429511 0.000000000000 0.002483540631
 696.000000 0.000182990332 0.997607322645 0.000000000000 0.002392660572
 697.000000 0.004356579306 0.996839946966 0.000000000000 0.003150533104
 698.000000 0.000964618270 0.997323922862 0.000000000000 0.002675610646
 699.000000 0.000009462204 0.997887030817 0.000000000000 0.002112969138
 700.000000 0.000030181612 0.997819191855 0.000000000000 0.002180807689
 701.000000 0.000036163123 0.997793634488 0.000000000000 0.002206364856
 702.000000 0.000133927425 0.997636072239 0.000000000000 0.002363918771
 703.000000 0.016998142418 0.995845575244 0.000000000000 0.004009364211
 704.000000 0.001620772802 0.997256146735 0.000000000000 0.002742536199
 705.000000 0.004449939174 0.996928384123 0.000000000000 0.003061684442
 706.000000 0.006948312246 0.996809051530 0.000000000000 0.003166731968
 707.000000 0.020854045920 0.996160093893 0.000000000000 0.003621646213
 708.000000 0.008071840678 0.996712870598 0.000000000000 0.003254445193
 709.000000 0.052791458998 0.994336912925 0.000000000000 0.004262667895
 710.000000 0.000006070570 0.997925058689 0.000000000000 0.002074941293
 711.000000 0.000000000002 0.997696743122 0.000019280034 0.002303256692
 712.000000 0.000000000001 0.997682945302 0.000023346144 0.002317054424
 713.000000 0.000000102075 0.998005166338 0.000000000149 0.001994833662
 714.000000 0.000000000000 0.996441662619 0.012325746553 0.003482107019
 715.000000 0.000000088645 0.997953561848 0.000000000387 0.002046438152
 716.000000 0.026577275640 0.995632475479 0.000000000000 0.004012862629
 717.000000 0.052543788893 0.994428662182 0.000000000000 0.004184146582
 718.000000 0.000000044946 0.998066091887 0.000000000053 0.001933908113
 719.000000 0.000000000000 0.995983192532 0.025047506429 0.003701903351
 720.000000 0.000000469310 0.998032376223 0.000000000001 0.001967623776
 721.000000 0.000000000004 0.997430058990 0.000059601699 0.002569939229
 722.000000 0.000000000007 0.997845696752 0.000001516069 0.002154303247
 723.000000 0.000000112168 0.997976190284 0.000000000201 0.002023809716
 724.000000 0.000000000000 0.996750111516 0.006393289490 0.003229384985
 725.000000 0.000000008321 0.997982593597 0.000000005825 0.002017406403
 726.000000 0.000000000000 0.996901509990 0.003730514366 0.003091510039
 727.000000 0.000000000096 0.997695890663 0.000002790316 0.002304109333
 728.000000 0.000000000001 0.997715416133 0.000003507273 0.002284583861
 729.000000 0.000000000000 0.997292407002 0.000259574456 0.002707559217
 730.000000 0.000000000000 0.996644790572 0.008409402240 0.003319732000
 731.000000 0.000000000000 0.997355650288 0.000371788574 0.002644280415
 732.000000 0.000000000003 0.997769756627 0.000007704560 0.002230243343
 733.000000 0.000000000032 0.997807331988 0.000002515981 0.002192668009
 734.000000 0.000000000000 0.997235152400 0.000715095074 0.002764591211
 735.000000 0.000000000000 0.996854674756 0.004362188575 0.003135780925
 736.000000 0.000000000271 0.997971378406 0.000000112563 0.002028621594
 737.000000 0.010566657502 0.996647201119 0.000000000000 0.003296785523
 738.000000 0.081674413510 0.991860040758 0.000000000000 0.004782912991
 739.000000 0.000000316390 0.998036161538 0.000000000008 0.001963838462
 740.000000 0.000000000000 0.994564124852 0.052333871924 0.004059925200
 741.000000 0.000001002710 0.998009283033 0.000000000000 0.001990716966
 742.000000 0.200047321275 0.974193698615 0.000000000000 0.005478862381
 743.000000 0.000002122417 0.997934737642 0.000000000000 0.002065262355
 744.000000 0.104347647610 0.989853000959 0.000000000000 0.004662170382
 745.000000 0.000222044939 0.997599930880 0.000000000000 0.002400044408
 746.000000 0.010997801666 0.996626053738 0.000000000000 0.003313267556
 747.000000 0.003197843151 0.997019630138 0.000000000000 0.002975241490
 748.000000 0.000072540412 0.997670661912 0.000000000000 0.002329335450
 749.000000 0.055153631954 0.993987446921 0.000000000000 0.004483567311
 750.000000 0.000015334703 0.997876025845 0.000000000000 0.002123974037
 751.000000 0.035626149214 0.995414135343 0.000000000000 0.003948533785
 752.000000 0.000021366051 0.997846139259 0.000000000000 0.002153860513
 753.000000 0.000513273523 0.997464814179 0.000000000000 0.002535053761
 754.000000 0.005381318745 0.996895225880 0.000000000000 0.003090249835
 755.000000 0.002717717380 0.997122300375 0.000000000000 0.002873995980
 756.000000 0.000864391271 0.997383036566 0.000000000000 0.002616588868
 757.000000 0.000025666456 0.997821697277 0.000000000000 0.002178302392
 758.000000 0.002350222984 0.997159915410 0.000000000000 0.002837314954
 759.000000 0.001129320977 0.997244150226 0.000000000000 0.002755210329
 760.000000 0.000159490068 0.997586014670 0.000000000000 0.002413972581
 761.000000 0.000084618675 0.997680754763 0.000000000000 0.002319241648
 762.000000 0.003351831717 0.997052996067 0.000000000000 0.002941369958
 763.000000 0.000472270655 0.997352470457 0.000000000000 0.002647417728
 764.000000 0.000526648510 0.997400615739 0.000000000000 0.002599245220
 765.000000 0.000099096955 0.997546173749 0.000000000000 0.002453821329
 766.000000 0.001087717233 0.997309219547 0.000000000000 0.002690187293
 767.000000 0.000239948711 0.997524594587 0.000000000000 0.002475376554
 768.000000 0.063083237414 0.993752395301 0.000000000000 0.004247361033
 769.000000 0.000077630358 0.997630915447 0.000000000000 0.002369081533
 770.000000 0.000235965672 0.997554512615 0.000000000000 0.002445459477
 771.000000 0.046709897367 0.994700470654 0.000000000000 0.004203413929
 772.000000 0.075060151156 0.992770427216 0.000000000000 0.004396089077
 773.000000 0.000006795336 0.997927862894 0.000000000000 0.002072137082
 774.000000 0.000000000000 0.996554236884 0.009306233173 0.003402311348
 775.000000 0.000000000167 0.997981244777 0.000000077949 0.002018755223
 776.000000 0.073643472917 0.992882492827 0.000000000000 0.004390133805
 777.000000 0.002631265420 0.997128661524 0.000000000000 0.002867866735
 778.000000 0.000000000000 0.997030904349 0.002383558301 0.002966246521
 779.000000 0.000000000207 0.997957867195 0.000000164128 0.002042132805
 780.000000 0.000000003912 0.998002372126 0.000000009628 0.001997627874
 781.000000 0.000000001182 0.998016422138 0.000000019452 0.001983577862
 782.000000 0.000000075876 0.997971510644 0.000000000389 0.002028489356
 783.000000 0.000000077858 0.998058052685 0.000000000017 0.001941947315
 784.000000 0.000000484934 0.997934808829 0.000000000028 0.002065191171
 785.000000 0.000000036638 0.998067670180 0.000000000113 0.001932329820
 786.000000 0.000000060682 0.998053207253 0.000000000114 0.001946792747
 787.000000 0.000000035730 0.998021406067 0.000000000538 0.001978593933
 788.000000 0.000000060684 0.998065952187 0.000000000049 0.001934047813
 789.000000 0.000000130998 0.998053378053 0.000000000027 0.001946621947
 790.000000 0.000000045006 0.998057711482 0.000000000155 0.001942288518
 791.000000 0.000000200728 0.998051585631 0.000000000010 0.001948414369
 792.000000 0.000000000028 0.997758216156 0.000004010401 0.002241783836
 793.000000 0.000000000000 0.997084123269 0.001881188077 0.002914102124
 794.000000 0.000000000000 0.997086668571 0.001834038702 0.002911644667
 795.000000 0.000000000000 0.997530471805 0.000107417222 0.002469522412
 796.000000 0.000000000002 0.997656584541 0.000027438265 0.002343415082
 797.000000 0.000000000000 0.997304977959 0.000568221169 0.002694860167
 798.000000 0.000000000000 0.997051144626 0.002121229788 0.002946598915
 799.000000 0.000000000000 0.997306531365 0.000452912278 0.002693365793
 800.000000 0.000004207547 0.997937266509 0.000000000000 0.002062733482
 801.000000 0.420806388143 0.900290522457 0.000000000000 0.006218816274
 802.000000 0.000083831091 0.997691740949 0.000000000000 0.002308255529
 803.000000 0.001321719584 0.997266887242 0.000000000000 0.002732236894
 804.000000 0.002904141799 0.996996118934 0.000000000000 0.002999651349
 805.000000 0.011673251692 0.996588908622 0.000000000000 0.003342728119
 806.000000 0.021331105908 0.996082800946 0.000000000000 0.003688822496
 807.000000 0.018734755812 0.996137535184 0.000000000000 0.003686304381
 808.000000 0.000095477115 0.997656826959 0.000000000000 0.002343168472
 809.000000 0.000341878647 0.997423829630 0.000000000000 0.002576111779
 810.000000 0.035222130437 0.995380437027 0.000000000000 0.003996579881
 811.000000 0.006206216262 0.996326516606 0.000000000000 0.003654154014
 812.000000 0.025185524575 0.995949443031 0.000000000000 0.003732162658
 813.000000 0.004472708393 0.996584651460 0.000000000000 0.003405311751
 814.000000 0.028660767436 0.995834051342 0.000000000000 0.003753596041
 815.000000 0.009773152038 0.996544242660 0.000000000000 0.003407835633
 816.000000 0.034353765412 0.995535735060 0.000000000000 0.003871704558
 817.000000 0.005002955263 0.996675670216 0.000000000000 0.003311773340
 818.000000 0.020787587062 0.996193280161 0.000000000000 0.003589855926
 819.000000 0.015708357825 0.996216869632 0.000000000000 0.003659293291
 820.000000 0.000267003097 0.997565859662 0.000000000000 0.002434104605
 821.000000 0.000000000061 0.997945404752 0.000000172820 0.002054595248
 822.000000 0.000000000000 0.996303258595 0.015721389700 0.003572709536
 823.000000 0.000000000001 0.997653905581 0.000032155727 0.002346093901
 824.000000 0.000000126467 0.998056012756 0.000000000025 0.001943987244
 825.000000 0.000000000016 0.997819943036 0.000003038540 0.002180056959
 826.000000 0.000000000000 0.995251394797 0.040946438808 0.003906656133
 827.000000 0.000000000306 0.997991763047 0.000000064529 0.002008236953
 828.000000 0.000000000272 0.997927702174 0.000000219637 0.002072297826
 829.000000 0.000000000000 0.996450591537 0.013661814534 0.003455757856
 830.000000 0.000000000007 0.997591057671 0.000023022879 0.002408942063
 831.000000 0.000000000000 0.996202895061 0.017182550216 0.003648933277
 832.000000 0.000000000041 0.997600237806 0.000008012361 0.002399762162
 833.000000 0.000000000000 0.995910396279 0.025811068936 0.003755186364
 834.000000 0.000000000000 0.997601634202 0.000055993093 0.002398364227
 835.000000 0.000000000000 0.996567940859 0.010688571894 0.003374741281
 836.000000 0.000000000000 0.997474952798 0.000173603609 0.002525032095
 837.000000 0.000000000000 0.996421308468 0.014514198325 0.003472987861
 838.000000 0.000000000001 0.997271412897 0.000186875999 0.002728569594
 839.000000 0.000000000000 0.995562996135 0.031475311382 0.003939572867
 840.000000 0.000000002626 0.997913386446 0.000000040830 0.002086613554
 841.000000 0.000610112862 0.997378065423 0.000000000000 0.002621747969
 842.000000 0.000041658004 0.997736516825 0.000000000000 0.002263482305
 843.000000 0.000000000000 0.997652530694 0.000017169916 0.002347469159
 844.000000 0.000000000000 0.995751445323 0.025334951255 0.003926307637
 845.000000 0.000000027956 0.998015789108 0.000000000024 0.001984210892
 846.000000 0.000000045484 0.997949730720 0.000000001055 0.002050269280
 847.000000 0.000000000097 0.997961697520 0.000000148978 0.002038302480
 848.000000 0.000000000567 0.997832504344 0.000000310337 0.002167495656
 849.000000 0.000000139294 0.998038555830 0.000000000004 0.001961444170
 850.000000 0.000000138892 0.998002843473 0.000000000093 0.001997156527
 851.000000 0.000000058114 0.998060988845 0.000000000087 0.001939011155
 852.000000 0.000000103529 0.998047383956 0.000000000055 0.001952616044
 853.000000 0.000000111084 0.998030599031 0.000000000078 0.001969400969
 854.000000 0.000000029075 0.998068481066 0.000000000135 0.001931518934
 855.000000 0.000000016789 0.997981615004 0.000000002612 0.002018384996
 856.000000 0.000000002535 0.998046178672 0.000000002138 0.001953821328
 857.000000 0.000000025399 0.998062618181 0.000000000285 0.001937381819
 858.000000 0.000000000253 0.997925071616 0.000000237365 0.002074928384
 859.000000 0.000000096375 0.998055403771 0.000000000046 0.001944596229
 860.000000 0.000000000728 0.997987887018 0.000000048148 0.002012112982
 861.000000 0.000000000000 0.996441370357 0.013947015281 0.003461027459
 862.000000 0.000000000005 0.997557635934 0.000032415770 0.002442363539
 863.000000 0.000000225656 0.998031485465 0.000000000002 0.001968514535
 864.000000 0.000000000083 0.997825949791 0.000001268230 0.002174050208
 865.000000 0.000000104771 0.998046728074 0.000000000055 0.001953271926
 866.000000 0.000000001108 0.998015216195 0.000000020824 0.001984783805
 867.000000 0.000000000419 0.997945850727 0.000000131444 0.002054149273
 868.000000 0.000000000071 0.997937527390 0.000000330625 0.002062472610
 869.000000 0.000000049062 0.998055165246 0.000000000149 0.001944834754
 870.000000 0.000000001328 0.997967067435 0.000000041911 0.002032932565
 871.000000 0.000000064521 0.998065472422 0.000000000038 0.001934527578
 872.000000 0.000000411235 0.997966116443 0.000000000024 0.002033883557
 873.000000 0.000000001075 0.998020883388 0.000000018004 0.001979116612
 874.000000 0.000000650569 0.997911621169 0.000000000022 0.002088378831
 875.000000 0.000000000780 0.998001157019 0.000000004360 0.001998842981
 876.000000 0.000000672588 0.997861836968 0.000000000036 0.002138163032
 877.000000 0.000000000665 0.998016844208 0.000000023476 0.001983155792
 878.000000 0.000000235804 0.997999473318 0.000000000039 0.002000526682
 879.000000 0.000000052642 0.998063542790 0.000000000036 0.001936457210
 880.000000 0.000000552020 0.997892669921 0.000000000037 0.002107330078
 881.000000 0.000000000269 0.997996811280 0.000000041059 0.002003188720
 882.000000 0.000000103000 0.997957510970 0.000000000293 0.002042489030
 883.000000 0.000000012864 0.998064527875 0.000000000282 0.001935472125
 884.000000 0.000000014935 0.997980433686 0.000000003055 0.002019566314
 885.000000 0.000001849785 0.997973523739 0.000000000000 0.002026476259
 886.000000 0.059567296940 0.993922219031 0.000000000000 0.004294400765
 887.000000 0.003623867899 0.996922251958 0.000000000000 0.003071161583
 888.000000 0.000000000058 0.997689668902 0.000004043355 0.002310331089
 889.000000 0.000000000000 0.994135474594 0.058811172187 0.004126465950
 890.000000 0.000000000000 0.997516597882 0.000106734777 0.002483396407
 891.000000 0.000000000000 0.997012149775 0.002595092359 0.002984472887
 892.000000 0.000000000542 0.998010295901 0.000000031351 0.001989704099
 893.000000 0.000401953060 0.997510105778 0.000000000000 0.002489813237
 894.000000 0.064020643461 0.993541968116 0.000000000000 0.004397526522
 895.000000 0.006839453877 0.996778085452 0.000000000000 0.003198450159
 896.000000 0.000002766464 0.997973361643 0.000000000000 0.002026638354
 897.000000 0.006357100826 0.996858691520 0.000000000000 0.003121038647
 898.000000 0.000021132705 0.997851455412 0.000000000000 0.002148544364
 899.000000 0.004824933583 0.996948144179 0.000000000000 0.003040180265
 900.000000 0.000517816496 0.997340213495 0.000000000000 0.002659652080
 901.000000 0.000247359878 0.997520743583 0.000000000000 0.002479225748
 902.000000 0.000019348069 0.997743743719 0.000000000000 0.002256256093
 903.000000 0.008145687242 0.996748408072 0.000000000000 0.003218308146
 904.000000 0.002400680510 0.997120156096 0.000000000000 0.002876953952
 905.000000 0.000034052562 0.997778324299 0.000000000000 0.002221675120
 906.000000 0.001955769018 0.997203977888 0.000000000000 0.002794104236
 907.000000 0.000032491064 0.997809577698 0.000000000000 0.002190421773
 908.000000 0.000605085339 0.997376626522 0.000000000000 0.002623189933
 909.000000 0.000135622518 0.997671297331 0.000000000000 0.002328693450
 910.000000 0.000022639177 0.997823447557 0.000000000000 0.002176552186
 911.000000 0.000000002791 0.997942251215 0.000000028794 0.002057748785
 912.000000 0.000000000000 0.988792509212 0.114694291650 0.004577774605
 913.000000 0.000000000097 0.997764189866 0.000001823917 0.002235810133
 914.000000 0.000518511325 0.997467280225 0.000000000000 0.002532585007
 915.000000 0.138878868915 0.985130478303 0.000000000000 0.005128450747
 916.000000 0.000003801879 0.997947794530 0.000000000000 0.002052205463
 917.000000 0.000000000000 0.997134530111 0.001473435705 0.002864381264
 918.000000 0.000000000000 0.997137604821 0.001084369558 0.002861805563
 919.000000 0.000000000000 0.996460719210 0.013468326307 0.003448264894
 920.000000 0.000000000000 0.997419208311 0.000197332706 0.002580772168
 921.000000 0.000000000000 0.996651008270 0.008919681961 0.003309078495
 922.000000 0.000000000000 0.997073959365 0.001706581228 0.002924580153
 923.000000 0.000000000000 0.997601169025 0.000053612904 0.002398829535
 924.000000 0.000000000000 0.997306297264 0.000563864731 0.002693543335
 925.000000 0.000000000000 0.995652791727 0.032828719820 0.003806140092
 926.000000 0.000000000000 0.997557231047 0.000080308388 0.002442765720
 927.000000 0.000000000000 0.996987260092 0.001176388374 0.003012045873
 928.000000 0.000000000000 0.996424594884 0.013351396278 0.003485959420
 929.000000 0.000000000052 0.997718900309 0.000003604680 0.002281099685
 930.000000 0.000000040840 0.998062589001 0.000000000144 0.001937410999
 931.000000 0.000000109291 0.998059824877 0.000000000015 0.001940175123
 932.000000 0.000000006386 0.997983931000 0.000000007623 0.002016069000
 933.000000 0.000000028519 0.998066973418 0.000000000182 0.001933026582
 934.000000 0.000000121269 0.998056245133 0.000000000010 0.001943754867
 935.000000 0.000000032663 0.997920032344 0.000000002255 0.002079967656
 936.000000 0.000000001908 0.998033771297 0.000000002150 0.001966228703
 937.000000 0.000001094972 0.997923520944 0.000000000006 0.002076479055
 938.000000 0.000000000121 0.997962200274 0.000000052285 0.002037799726
 939.000000 0.000001241606 0.997850662700 0.000000000012 0.002149337300
 940.000000 0.000000000036 0.997923997154 0.000000343850 0.002076002846
 941.000000 0.000000196788 0.998034805065 0.000000000024 0.001965194935
 942.000000 0.000000000069 0.997830009143 0.000001370145 0.002169990856
 943.000000 0.000000344718 0.998030228289 0.000000000008 0.001969771711
 944.000000 0.000000000207 0.997961562254 0.000000152908 0.002038437746
 945.000000 0.000000026702 0.998030510455 0.000000000671 0.001969489545
 946.000000 0.000000001166 0.998028742825 0.000000013042 0.001971257175
 947.000000 0.000000000464 0.997960690095 0.000000100095 0.002039309905
 948.000000 0.000003840753 0.997913509774 0.000000000000 0.002086490218
 949.000000 0.226838657371 0.967402954899 0.000000000000 0.006358085815
 950.000000 0.000054137317 0.997752325574 0.000000000000 0.002247672957
 951.000000 0.000000000000 0.997308172667 0.000301998666 0.002691781608
 952.000000 0.000000000000 0.996030746772 0.024352676489 0.003671589601
 953.000000 0.000000000004 0.997665252910 0.000018840852 0.002334746913
 954.000000 0.000000000000 0.990269172887 0.102480795992 0.004442192378
 955.000000 0.000000000001 0.997684065701 0.000022877472 0.002315934037
 956.000000 0.000000000000 0.980185797808 0.171741117287 0.004882313697
 957.000000 0.000000000000 0.997217928614 0.000895384422 0.002781669411
 958.000000 0.000000000000 0.996210736461 0.018450811213 0.003618414524
 959.000000 0.000000000000 0.997242352511 0.000779730596 0.002757342659
 960.000000 0.000000000000 0.996076835162 0.023032504387 0.003656907584
 961.000000 0.000000000000 0.992839977331 0.074921159734 0.004337205294
 962.000000 0.000000000000 0.996897771354 0.002196806286 0.003099808161
 963.000000 0.000000000000 0.991859759447 0.086894726168 0.004341185020
 964.000000 0.000000000000 0.997611373806 0.000050946016 0.002388624894
 965.000000 0.000386524521 0.997459002233 0.000000000000 0.002540922876
 966.000000 0.297899836050 0.948103189627 0.000000000000 0.006197217503
 967.000000 0.000000264534 0.998029943625 0.000000000015 0.001970056375
 968.000000 0.000000000000 0.995004340907 0.045333446569 0.003963474665
 969.000000 0.000000000000 0.996915880825 0.003525495053 0.003077885411
 970.000000 0.000000000000 0.959914870416 0.261120106980 0.005203403345
 971.000000 0.000000000000 0.997110433474 0.001371847731 0.002888622817
 972.000000 0.000000000000 0.986723491050 0.130960810843 0.004623698411
 973.000000 0.000000000000 0.990149821662 0.103093951970 0.004497598059
 974.000000 0.000000000000 0.996457993233 0.013637509999 0.003448689753
 975.000000 0.000089736679 0.997719238367 0.000000000000 0.002280757597
 976.000000 0.883797958986 0.454542010728 0.000000000000 0.006165369982
 977.000000 0.997976604402 0.000016938515 0.000000000000 0.002023395454
 978.000000 0.998277501429 0.000000000000 0.000026035570 0.001722498231
 979.000000 0.998223669720 0.000000000000 0.000003849180 0.001776330272
 980.000000 0.998560757224 0.000000000000 0.000000001864 0.001439242776
 981.000000 0.997790263816 0.000000000000 0.000861433289 0.002209364329
 982.000000 0.998664815729 0.000000000004 0.000000000010 0.001335184271
 983.000000 0.998497322848 0.000000000000 0.000000090796 0.001502677152
 984.000000 0.998438753053 0.000000000000 0.000011283370 0.001561246883
 985.000000 0.998573555122 0.000000000004 0.000000007297 0.001426444878
 986.000000 0.998470162684 0.000000000000 0.000011969323 0.001529837244
 987.000000 0.998627532046 0.000000000000 0.000000165208 0.001372467954
 988.000000 0.998675709572 0.000000000000 0.000000005734 0.001324290428
 989.000000 0.998371164327 0.000000000000 0.000048588456 0.001628834491
 990.000000 0.998628795754 0.000000000000 0.000000021412 0.001371204246
 991.000000 0.998597521226 0.000000000000 0.000000563985 0.001402478774
 992.000000 0.998634079501 0.000000000000 0.000000037787 0.001365920499
 993.000000 0.998545626008 0.000000000000 0.000000610539 0.001454373992
 994.000000 0.998612582726 0.000000000000 0.000000181224 0.001387417274
 995.000000 0.998524102281 0.000000000000 0.000000118822 0.001475897719
 996.000000 0.998608964786 0.000000000000 0.000000338631 0.001391035214
 997.000000 0.998504196522 0.000000000000 0.000002303681 0.001495803475
 998.000000 0.998477748418 0.000000000000 0.000006914274 0.001522251558
 999.000000 0.998570963197 0.000000000000 0.000001049003 0.001429036802
 1000.000000 0.998537023364 0.000000000003 0.000000013944 0.001462976636
