#! FIELDS time mt.bias
 0.000000 0.000000
 0.250000 0.000000
 0.500000 0.045378
 0.750000 0.119032
 1.000000 2.012964
 1.250000 0.000000
 1.500000 0.060598
 1.750000 1.961171
 2.000000 1.619926
 2.250000 0.169016
 2.500000 1.158635
 2.750000 2.113502
 3.000000 3.349525
 3.250000 4.089391
 3.500000 2.709762
 3.750000 2.016683
 4.000000 2.190755
 4.250000 4.223168
 4.500000 3.976185
 4.750000 3.434972
 5.000000 3.992163
 5.250000 5.751591
 5.500000 3.563903
 5.750000 3.685946
 6.000000 5.839625
 6.250000 4.147617
 6.500000 5.945775
 6.750000 5.876592
 7.000000 4.479938
 7.250000 5.278937
 7.500000 4.521772
 7.750000 4.308577
 8.000000 5.854001
 8.250000 7.152280
 8.500000 2.801489
 8.750000 7.469952
 9.000000 6.250847
 9.250000 6.266336
 9.500000 6.649518
 9.750000 6.370010
 10.000000 8.383987
 10.250000 7.899250
 10.500000 7.157329
 10.750000 8.791084
 11.000000 8.152866
 11.250000 6.549999
 11.500000 5.032548
 11.750000 2.312998
 12.000000 8.157809
 12.250000 8.984556
 12.500000 7.134223
 12.750000 6.146773
 13.000000 5.977961
 13.250000 6.616014
 13.500000 6.382803
 13.750000 6.500088
 14.000000 7.141396
 14.250000 8.445965
 14.500000 8.694548
 14.750000 7.553455
 15.000000 8.734223
 15.250000 10.122577
 15.500000 8.580019
 15.750000 10.576496
 16.000000 10.669082
 16.250000 7.200573
 16.500000 3.927369
 16.750000 7.007074
 17.000000 9.225312
 17.250000 10.646885
 17.500000 9.930012
 17.750000 10.644949
 18.000000 11.681367
 18.250000 11.187258
 18.500000 11.372418
 18.750000 11.858840
 19.000000 10.988477
 19.250000 10.299560
 19.500000 10.182391
 19.750000 10.150367
 20.000000 8.060081
 20.250000 10.307976
 20.500000 10.901448
 20.750000 10.433772
 21.000000 6.655291
 21.250000 6.765150
 21.500000 11.883943
 21.750000 11.686300
 22.000000 11.991707
 22.250000 12.166185
 22.500000 13.461321
 22.750000 13.030921
 23.000000 11.788861
 23.250000 10.651927
 23.500000 14.253510
 23.750000 12.132299
 24.000000 9.530330
 24.250000 12.168786
 24.500000 9.180762
 24.750000 10.906398
 25.000000 11.610617
 25.250000 9.414655
 25.500000 9.243428
 25.750000 11.086521
 26.000000 12.612595
 26.250000 13.298318
 26.500000 13.745765
 26.750000 14.886592
 27.000000 13.045698
 27.250000 12.191118
 27.500000 13.325429
 27.750000 12.731006
 28.000000 14.287019
 28.250000 13.281206
 28.500000 14.794085
 28.750000 14.202289
 29.000000 13.620424
 29.250000 5.708810
 29.500000 6.942762
 29.750000 13.837464
 30.000000 16.490918
 30.250000 14.298883
 30.500000 9.018759
 30.750000 5.433180
 31.000000 12.908933
 31.250000 15.289918
 31.500000 10.394619
 31.750000 14.814719
 32.000000 15.189004
 32.250000 9.360395
 32.500000 13.032298
 32.750000 15.218596
 33.000000 15.445951
 33.250000 15.814736
 33.500000 15.093365
 33.750000 9.529333
 34.000000 6.547799
 34.250000 15.305588
 34.500000 12.402923
 34.750000 2.418768
 35.000000 16.059199
 35.250000 10.484504
 35.500000 15.589701
 35.750000 8.906395
 36.000000 9.858428
 36.250000 16.145960
 36.500000 12.149813
 36.750000 8.671337
 37.000000 9.928668
 37.250000 15.436156
 37.500000 13.549315
 37.750000 17.050621
 38.000000 16.716854
 38.250000 11.993207
 38.500000 13.041144
 38.750000 14.968048
 39.000000 9.521665
 39.250000 14.529634
 39.500000 14.036053
 39.750000 11.424295
 40.000000 14.892908
 40.250000 13.250176
 40.500000 17.595448
 40.750000 17.778939
 41.000000 11.317718
 41.250000 15.372550
 41.500000 14.592789
 41.750000 13.904792
 42.000000 18.101720
 42.250000 15.547487
 42.500000 12.252680
 42.750000 14.503580
 43.000000 17.283791
 43.250000 17.642802
 43.500000 16.449097
 43.750000 13.843617
 44.000000 18.920959
 44.250000 9.755114
 44.500000 18.130332
 44.750000 17.518460
 45.000000 7.520128
 45.250000 11.341084
 45.500000 17.289768
 45.750000 17.401995
 46.000000 3.338462
 46.250000 0.000000
 46.500000 0.000000
 46.750000 0.004416
 47.000000 0.048219
 47.250000 0.232100
 47.500000 0.568720
 47.750000 2.287169
 48.000000 1.707174
 48.250000 1.186144
 48.500000 1.853637
 48.750000 4.147066
 49.000000 4.191210
 49.250000 4.444263
 49.500000 4.429732
 49.750000 3.287202
 50.000000 4.845356
 50.250000 1.868843
 50.500000 5.760105
 50.750000 4.388315
 51.000000 4.122354
 51.250000 6.823226
 51.500000 7.817323
 51.750000 8.435104
 52.000000 6.683631
 52.250000 6.908307
 52.500000 8.714308
 52.750000 8.845486
 53.000000 5.122074
 53.250000 8.331239
 53.500000 9.365271
 53.750000 5.429181
 54.000000 8.681326
 54.250000 7.548137
 54.500000 9.456216
 54.750000 8.896483
 55.000000 6.390593
 55.250000 10.168194
 55.500000 8.084316
 55.750000 10.357604
 56.000000 11.301619
 56.250000 7.709676
 56.500000 11.980959
 56.750000 11.196676
 57.000000 9.742891
 57.250000 12.679066
 57.500000 12.895579
 57.750000 9.505733
 58.000000 12.402943
 58.250000 11.381342
 58.500000 12.752076
 58.750000 2.420449
 59.000000 13.013690
 59.250000 11.894315
 59.500000 2.323669
 59.750000 13.029542
 60.000000 1.471423
 60.250000 15.117478
 60.500000 5.853742
 60.750000 11.541264
 61.000000 13.289163
 61.250000 12.841963
 61.500000 13.190345
 61.750000 15.473126
 62.000000 14.738913
 62.250000 13.727892
 62.500000 12.584609
 62.750000 14.701002
 63.000000 13.552446
 63.250000 14.857756
 63.500000 12.394038
 63.750000 15.086034
 64.000000 15.679015
 64.250000 11.226433
 64.500000 16.564206
 64.750000 6.617366
 65.000000 16.824737
 65.250000 11.925778
 65.500000 5.841360
 65.750000 13.051352
 66.000000 12.051613
 66.250000 6.835254
 66.500000 15.476542
 66.750000 17.051370
 67.000000 7.717596
 67.250000 17.453604
 67.500000 10.789916
 67.750000 6.918521
 68.000000 18.625238
 68.250000 4.749836
 68.500000 15.414355
 68.750000 6.839880
 69.000000 9.966192
 69.250000 13.687110
 69.500000 4.194540
 69.750000 19.809756
 70.000000 10.273966
 70.250000 8.507191
 70.500000 7.823139
 70.750000 13.060548
 71.000000 13.558864
 71.250000 9.353785
 71.500000 13.300394
 71.750000 12.184993
 72.000000 11.274409
 72.250000 15.859752
 72.500000 12.299111
 72.750000 9.495666
 73.000000 15.540657
 73.250000 9.437379
 73.500000 14.644926
 73.750000 11.510831
 74.000000 15.927307
 74.250000 18.403829
 74.500000 4.455882
 74.750000 11.848591
 75.000000 20.696807
 75.250000 9.450673
 75.500000 17.772138
 75.750000 15.882491
 76.000000 16.023088
 76.250000 19.233662
 76.500000 12.917467
 76.750000 12.310492
 77.000000 19.254007
 77.250000 11.810490
 77.500000 19.010129
 77.750000 20.404746
 78.000000 12.612650
 78.250000 15.413023
 78.500000 17.996314
 78.750000 10.390960
 79.000000 19.294557
 79.250000 14.552615
 79.500000 13.312617
 79.750000 12.539279
 80.000000 17.887900
 80.250000 17.401297
 80.500000 20.012569
 80.750000 16.339693
 81.000000 17.434660
 81.250000 16.215145
 81.500000 18.269451
 81.750000 10.135155
 82.000000 19.551598
 82.250000 17.145620
 82.500000 6.560899
 82.750000 6.759107
 83.000000 19.851749
 83.250000 7.121589
 83.500000 14.146950
 83.750000 14.519793
 84.000000 8.962477
 84.250000 14.533076
 84.500000 15.598902
 84.750000 20.711884
 85.000000 21.358559
 85.250000 19.439074
 85.500000 21.144562
 85.750000 10.433984
 86.000000 20.127806
 86.250000 16.942575
 86.500000 10.567789
 86.750000 21.978027
 87.000000 16.656879
 87.250000 14.133992
 87.500000 21.888458
 87.750000 14.963350
 88.000000 16.730607
 88.250000 13.283403
 88.500000 17.412400
 88.750000 21.255885
 89.000000 21.700003
 89.250000 22.300872
 89.500000 17.235945
 89.750000 15.740631
 90.000000 22.383743
 90.250000 15.615314
 90.500000 13.574831
 90.750000 12.748400
 91.000000 17.319263
 91.250000 15.241877
 91.500000 15.429851
 91.750000 16.861039
 92.000000 18.735333
 92.250000 20.295640
 92.500000 17.647040
 92.750000 19.004561
 93.000000 15.179458
 93.250000 12.046024
 93.500000 14.660129
 93.750000 14.783088
 94.000000 18.502102
 94.250000 19.648631
 94.500000 16.087133
 94.750000 24.510413
 95.000000 19.732982
 95.250000 23.252117
 95.500000 9.839218
 95.750000 16.726753
 96.000000 24.021875
 96.250000 17.833147
 96.500000 9.547711
 96.750000 8.074220
 97.000000 19.642374
 97.250000 1.531400
 97.500000 23.998371
 97.750000 17.437359
 98.000000 6.222350
 98.250000 15.513994
 98.500000 14.006414
 98.750000 15.576266
 99.000000 12.528757
 99.250000 12.741370
 99.500000 16.531436
 99.750000 18.498801
 100.000000 20.332720
 100.250000 18.239590
 100.500000 19.245587
 100.750000 18.286779
 101.000000 17.971725
 101.250000 19.938907
 101.500000 22.907272
 101.750000 19.264022
 102.000000 17.463398
 102.250000 16.658487
 102.500000 19.168037
 102.750000 20.952908
 103.000000 20.099606
 103.250000 21.281422
 103.500000 22.005120
 103.750000 21.083688
 104.000000 22.762067
 104.250000 18.509637
 104.500000 22.325779
 104.750000 22.800900
 105.000000 17.195385
 105.250000 8.946592
 105.500000 23.221022
 105.750000 24.683204
 106.000000 24.940535
 106.250000 18.260183
 106.500000 20.913856
 106.750000 19.295892
 107.000000 23.006836
 107.250000 25.587516
 107.500000 25.617254
 107.750000 21.100071
 108.000000 14.130672
 108.250000 19.674001
 108.500000 17.053055
 108.750000 21.865930
 109.000000 21.755148
 109.250000 12.183224
 109.500000 13.195425
 109.750000 17.451334
 110.000000 13.859302
 110.250000 26.135401
 110.500000 22.194893
 110.750000 21.860937
 111.000000 25.488485
 111.250000 24.640473
 111.500000 16.315286
 111.750000 14.988286
 112.000000 15.394537
 112.250000 25.952979
 112.500000 16.058617
 112.750000 17.323800
 113.000000 2.261891
 113.250000 9.431612
 113.500000 10.507207
 113.750000 3.633526
 114.000000 9.132381
 114.250000 13.511211
 114.500000 18.747647
 114.750000 4.062242
 115.000000 9.330574
 115.250000 18.665379
 115.500000 19.003458
 115.750000 17.259621
 116.000000 17.765534
 116.250000 10.624451
 116.500000 18.201692
 116.750000 16.923155
 117.000000 16.026197
 117.250000 19.521928
 117.500000 16.787140
 117.750000 11.570963
 118.000000 13.652950
 118.250000 19.732730
 118.500000 14.291252
 118.750000 14.434606
 119.000000 10.334826
 119.250000 17.133137
 119.500000 6.474358
 119.750000 11.583136
 120.000000 14.643937
 120.250000 11.294314
 120.500000 18.893786
 120.750000 14.845193
 121.000000 17.000299
 121.250000 10.504311
 121.500000 14.115212
 121.750000 11.232024
 122.000000 15.543308
 122.250000 14.509410
 122.500000 14.618987
 122.750000 13.783655
 123.000000 16.268022
 123.250000 18.665279
 123.500000 18.179317
 123.750000 15.301001
 124.000000 12.837984
 124.250000 6.669657
 124.500000 6.933062
 124.750000 8.533896
 125.000000 17.718831
 125.250000 7.567534
 125.500000 7.115061
 125.750000 4.851196
 126.000000 6.418997
 126.250000 7.061378
 126.500000 4.320418
 126.750000 14.467573
 127.000000 18.682621
 127.250000 5.232232
 127.500000 18.124993
 127.750000 19.791770
 128.000000 5.648944
 128.250000 21.341246
 128.500000 10.530790
 128.750000 19.997350
 129.000000 13.840585
 129.250000 10.684483
 129.500000 16.182347
 129.750000 19.028352
 130.000000 9.198271
 130.250000 8.146456
 130.500000 19.679881
 130.750000 18.522800
 131.000000 18.109402
 131.250000 18.141930
 131.500000 13.241794
 131.750000 17.315828
 132.000000 19.366623
 132.250000 12.754237
 132.500000 19.153439
 132.750000 21.295525
 133.000000 18.379202
 133.250000 20.517539
 133.500000 14.213144
 133.750000 17.712855
 134.000000 20.697169
 134.250000 18.072074
 134.500000 14.338914
 134.750000 13.144957
 135.000000 8.783018
 135.250000 13.724862
 135.500000 21.203895
 135.750000 10.094522
 136.000000 21.134565
 136.250000 13.173164
 136.500000 18.340768
 136.750000 19.798964
 137.000000 16.164119
 137.250000 19.850221
 137.500000 11.278769
 137.750000 21.630416
 138.000000 16.801057
 138.250000 21.650781
 138.500000 18.668380
 138.750000 21.390351
 139.000000 11.821560
 139.250000 21.517848
 139.500000 21.519298
 139.750000 21.102150
 140.000000 20.400966
 140.250000 16.586782
 140.500000 22.561371
 140.750000 17.541884
 141.000000 19.545236
 141.250000 22.533579
 141.500000 17.799589
 141.750000 13.110780
 142.000000 9.817310
 142.250000 22.088583
 142.500000 21.936359
 142.750000 11.380390
 143.000000 15.089040
 143.250000 9.537361
 143.500000 22.249235
 143.750000 6.814195
 144.000000 0.000000
 144.250000 0.000000
 144.500000 0.004762
 144.750000 0.091397
 145.000000 0.338618
 145.250000 1.077434
 145.500000 2.354613
 145.750000 2.822449
 146.000000 1.045489
 146.250000 2.157618
 146.500000 3.173569
 146.750000 4.517111
 147.000000 5.225081
 147.250000 4.758791
 147.500000 5.414484
 147.750000 4.893736
 148.000000 6.005373
 148.250000 5.900034
 148.500000 3.575593
 148.750000 4.015113
 149.000000 5.962661
 149.250000 7.234708
 149.500000 5.466152
 149.750000 4.783060
 150.000000 7.380968
 150.250000 7.370764
 150.500000 8.396607
 150.750000 9.669970
 151.000000 2.287651
 151.250000 9.944495
 151.500000 2.549884
 151.750000 9.171146
 152.000000 2.704402
 152.250000 11.238972
 152.500000 5.473891
 152.750000 8.810279
 153.000000 4.937132
 153.250000 10.030176
 153.500000 11.524959
 153.750000 9.896412
 154.000000 11.541399
 154.250000 12.817337
 154.500000 13.261965
 154.750000 10.361034
 155.000000 11.381341
 155.250000 12.997634
 155.500000 12.688548
 155.750000 11.838596
 156.000000 11.946705
 156.250000 14.229234
 156.500000 12.260672
 156.750000 12.450262
 157.000000 14.199626
 157.250000 3.746652
 157.500000 14.216097
 157.750000 3.422879
 158.000000 14.473760
 158.250000 5.403698
 158.500000 9.555245
 158.750000 7.029257
 159.000000 12.470945
 159.250000 15.528606
 159.500000 11.097133
 159.750000 8.922688
 160.000000 9.876339
 160.250000 5.441113
 160.500000 9.395756
 160.750000 12.842442
 161.000000 6.792879
 161.250000 12.291772
 161.500000 5.664023
 161.750000 14.582864
 162.000000 8.862112
 162.250000 7.927419
 162.500000 10.007643
 162.750000 10.294268
 163.000000 12.623921
 163.250000 12.883184
 163.500000 11.753027
 163.750000 12.793816
 164.000000 12.386660
 164.250000 16.521194
 164.500000 11.644831
 164.750000 8.313419
 165.000000 8.039705
 165.250000 8.805020
 165.500000 12.329038
 165.750000 5.540668
 166.000000 16.233040
 166.250000 9.642874
 166.500000 9.644913
 166.750000 15.487460
 167.000000 6.349572
 167.250000 15.520153
 167.500000 13.219251
 167.750000 14.831149
 168.000000 17.886605
 168.250000 16.640274
 168.500000 12.578930
 168.750000 13.768339
 169.000000 16.585664
 169.250000 11.144978
 169.500000 13.724346
 169.750000 10.719483
 170.000000 7.716607
 170.250000 10.044855
 170.500000 12.526667
 170.750000 9.973275
 171.000000 16.416137
 171.250000 13.754213
 171.500000 13.812931
 171.750000 14.058660
 172.000000 9.742855
 172.250000 18.273172
 172.500000 12.974867
 172.750000 18.262179
 173.000000 13.805950
 173.250000 14.671423
 173.500000 14.114051
 173.750000 15.652656
 174.000000 16.585832
 174.250000 13.134824
 174.500000 15.081083
 174.750000 15.186091
 175.000000 13.208347
 175.250000 17.318527
 175.500000 18.576547
 175.750000 19.390307
 176.000000 19.135620
 176.250000 20.239245
 176.500000 10.164350
 176.750000 20.324922
 177.000000 10.084570
 177.250000 16.069973
 177.500000 17.166151
 177.750000 14.669180
 178.000000 16.109244
 178.250000 18.118658
 178.500000 19.405890
 178.750000 14.367320
 179.000000 13.767055
 179.250000 9.355933
 179.500000 21.519141
 179.750000 17.146764
 180.000000 17.224187
 180.250000 19.298258
 180.500000 13.817633
 180.750000 7.128464
 181.000000 10.392077
 181.250000 20.292541
 181.500000 11.135767
 181.750000 19.105959
 182.000000 14.321189
 182.250000 19.740764
 182.500000 16.130460
 182.750000 5.045627
 183.000000 15.242786
 183.250000 17.273566
 183.500000 10.219192
 183.750000 19.950216
 184.000000 21.595141
 184.250000 19.514606
 184.500000 18.740367
 184.750000 14.367493
 185.000000 15.638812
 185.250000 17.802235
 185.500000 21.847646
 185.750000 18.006536
 186.000000 21.860817
 186.250000 19.893873
 186.500000 18.277206
 186.750000 22.807243
 187.000000 17.769199
 187.250000 22.591474
 187.500000 15.483811
 187.750000 16.333294
 188.000000 22.637788
 188.250000 21.982814
 188.500000 16.084711
 188.750000 15.278977
 189.000000 12.878978
 189.250000 15.995052
 189.500000 18.827511
 189.750000 14.253380
 190.000000 22.294688
 190.250000 19.434772
 190.500000 3.420450
 190.750000 20.898471
 191.000000 15.578044
 191.250000 1.688676
 191.500000 20.829759
 191.750000 24.029165
 192.000000 17.712813
 192.250000 17.551295
 192.500000 17.404447
 192.750000 20.925377
 193.000000 19.354267
 193.250000 17.840714
 193.500000 19.450230
 193.750000 23.467371
 194.000000 22.917517
 194.250000 22.379285
 194.500000 23.667161
 194.750000 23.970423
 195.000000 22.701913
 195.250000 19.754168
 195.500000 13.997241
 195.750000 17.423237
 196.000000 18.502221
 196.250000 12.348123
 196.500000 19.578539
 196.750000 22.874253
 197.000000 22.381206
 197.250000 15.953507
 197.500000 15.957928
 197.750000 16.382553
 198.000000 2.024153
 198.250000 7.425617
 198.500000 19.891906
 198.750000 7.363726
 199.000000 11.171958
 199.250000 18.997073
 199.500000 18.888286
 199.750000 9.217392
 200.000000 10.074797
 200.250000 21.801838
 200.500000 21.415538
 200.750000 15.214647
 201.000000 17.938271
 201.250000 21.574694
 201.500000 20.881408
 201.750000 17.525026
 202.000000 13.039357
 202.250000 21.227413
 202.500000 12.967436
 202.750000 9.785672
 203.000000 11.887346
 203.250000 21.862678
 203.500000 19.392627
 203.750000 6.573117
 204.000000 20.059069
 204.250000 18.368082
 204.500000 22.375748
 204.750000 22.733639
 205.000000 19.892606
 205.250000 22.251558
 205.500000 19.287545
 205.750000 20.468997
 206.000000 18.941834
 206.250000 17.280391
 206.500000 18.850078
 206.750000 24.031330
 207.000000 15.039095
 207.250000 17.133265
 207.500000 10.945949
 207.750000 23.067403
 208.000000 21.292825
 208.250000 17.024012
 208.500000 16.370508
 208.750000 23.959878
 209.000000 16.961443
 209.250000 19.179825
 209.500000 18.906991
 209.750000 21.461404
 210.000000 19.488057
 210.250000 21.781639
 210.500000 21.467268
 210.750000 24.973305
 211.000000 17.129417
 211.250000 16.364346
 211.500000 22.222688
 211.750000 20.024650
 212.000000 17.378896
 212.250000 12.283904
 212.500000 6.576024
 212.750000 13.937464
 213.000000 23.145748
 213.250000 12.262083
 213.500000 24.038867
 213.750000 21.280700
 214.000000 5.427169
 214.250000 21.549928
 214.500000 23.382842
 214.750000 24.167696
 215.000000 25.307053
 215.250000 19.733723
 215.500000 12.396791
 215.750000 17.659305
 216.000000 8.941049
 216.250000 19.423228
 216.500000 15.573395
 216.750000 22.239923
 217.000000 18.752821
 217.250000 17.404366
 217.500000 15.656544
 217.750000 20.695445
 218.000000 22.960375
 218.250000 18.494373
 218.500000 19.730379
 218.750000 15.454301
 219.000000 7.144473
 219.250000 22.641191
 219.500000 15.135729
 219.750000 15.122595
 220.000000 22.751872
 220.250000 25.152730
 220.500000 24.228734
 220.750000 14.729322
 221.000000 21.613985
 221.250000 21.505637
 221.500000 8.660902
 221.750000 13.015406
 222.000000 13.674181
 222.250000 23.718349
 222.500000 6.905835
 222.750000 7.408829
 223.000000 15.431924
 223.250000 22.005210
 223.500000 20.018411
 223.750000 14.638843
 224.000000 21.511459
 224.250000 12.656227
 224.500000 20.053069
 224.750000 23.001398
 225.000000 13.965127
 225.250000 22.952566
 225.500000 25.592096
 225.750000 26.522197
 226.000000 26.331116
 226.250000 24.474710
 226.500000 23.410945
 226.750000 17.857981
 227.000000 21.148541
 227.250000 22.243091
 227.500000 24.439938
 227.750000 19.926413
 228.000000 22.197906
 228.250000 24.417797
 228.500000 22.832585
 228.750000 22.753909
 229.000000 23.487513
 229.250000 24.741434
 229.500000 24.752504
 229.750000 20.496914
 230.000000 23.678450
 230.250000 23.390683
 230.500000 24.190900
 230.750000 17.529882
 231.000000 17.160025
 231.250000 19.076906
 231.500000 22.701432
 231.750000 18.272043
 232.000000 25.299239
 232.250000 19.620051
 232.500000 14.113302
 232.750000 18.875303
 233.000000 16.389668
 233.250000 13.960191
 233.500000 16.958151
 233.750000 16.649582
 234.000000 26.541412
 234.250000 9.359541
 234.500000 7.239194
 234.750000 17.182763
 235.000000 21.401553
 235.250000 21.174489
 235.500000 24.586245
 235.750000 12.732193
 236.000000 16.152977
 236.250000 17.681997
 236.500000 23.412974
 236.750000 24.720098
 237.000000 25.596316
 237.250000 14.295219
 237.500000 19.402242
 237.750000 24.713201
 238.000000 24.246661
 238.250000 27.091116
 238.500000 26.657430
 238.750000 25.520964
 239.000000 16.492968
 239.250000 15.622811
 239.500000 21.146296
 239.750000 7.671661
 240.000000 8.589117
 240.250000 27.100094
 240.500000 16.402968
 240.750000 6.486344
 241.000000 22.465917
 241.250000 7.049978
 241.500000 10.145915
 241.750000 19.484842
 242.000000 6.937307
 242.250000 14.272248
 242.500000 24.803510
 242.750000 9.744880
 243.000000 26.416533
 243.250000 14.533373
 243.500000 22.574325
 243.750000 19.268994
 244.000000 26.953855
 244.250000 19.718776
 244.500000 23.805050
 244.750000 25.168563
 245.000000 16.405796
 245.250000 23.109108
 245.500000 23.598289
 245.750000 26.337154
 246.000000 27.521435
 246.250000 23.867526
 246.500000 15.668490
 246.750000 24.742144
 247.000000 24.954929
 247.250000 24.266241
 247.500000 25.827717
 247.750000 25.455452
 248.000000 18.014025
 248.250000 22.026585
 248.500000 13.546180
 248.750000 11.811447
 249.000000 20.647665
 249.250000 21.050336
 249.500000 22.515103
 249.750000 22.347147
 250.000000 25.639966
 250.250000 25.628708
 250.500000 24.671991
 250.750000 25.120491
 251.000000 25.504114
 251.250000 23.135786
 251.500000 22.007594
 251.750000 20.712380
 252.000000 22.821743
 252.250000 16.695046
 252.500000 16.334657
 252.750000 27.296332
 253.000000 13.613833
 253.250000 12.082253
 253.500000 22.547988
 253.750000 24.800467
 254.000000 16.443117
 254.250000 27.708128
 254.500000 23.736494
 254.750000 20.344042
 255.000000 25.435231
 255.250000 17.049323
 255.500000 18.858729
 255.750000 3.458852
 256.000000 22.613160
 256.250000 21.807647
 256.500000 15.656952
 256.750000 21.150131
 257.000000 23.985734
 257.250000 27.919287
 257.500000 25.655098
 257.750000 22.962902
 258.000000 19.957816
 258.250000 20.167633
 258.500000 17.939776
 258.750000 26.378595
 259.000000 20.941525
 259.250000 22.998958
 259.500000 27.933198
 259.750000 15.105461
 260.000000 26.852490
 260.250000 19.213960
 260.500000 21.542817
 260.750000 19.666282
 261.000000 21.210820
 261.250000 15.033810
 261.500000 11.157591
 261.750000 14.901122
 262.000000 21.758973
 262.250000 16.117598
 262.500000 28.059424
 262.750000 9.678295
 263.000000 26.918198
 263.250000 25.011538
 263.500000 16.548066
 263.750000 15.973337
 264.000000 6.575836
 264.250000 17.660732
 264.500000 24.646864
 264.750000 13.619102
 265.000000 14.798177
 265.250000 21.940645
 265.500000 25.078717
 265.750000 27.682976
 266.000000 18.570501
 266.250000 20.669625
 266.500000 17.377592
 266.750000 16.896959
 267.000000 15.448490
 267.250000 25.685749
 267.500000 27.773209
 267.750000 17.637577
 268.000000 17.061300
 268.250000 15.987608
 268.500000 16.862067
 268.750000 13.538485
 269.000000 16.600769
 269.250000 19.844447
 269.500000 26.573092
 269.750000 26.872512
 270.000000 18.604611
 270.250000 13.394200
 270.500000 20.369340
 270.750000 27.558537
 271.000000 27.394225
 271.250000 22.256201
 271.500000 17.145101
 271.750000 18.082158
 272.000000 21.388103
 272.250000 29.057780
 272.500000 27.188995
 272.750000 25.947647
 273.000000 20.594438
 273.250000 23.100090
 273.500000 11.336431
 273.750000 18.910662
 274.000000 11.880093
 274.250000 24.955336
 274.500000 21.131827
 274.750000 19.023097
 275.000000 25.515964
 275.250000 25.897968
 275.500000 28.041177
 275.750000 24.361448
 276.000000 20.990730
 276.250000 20.406550
 276.500000 23.734423
 276.750000 23.562366
 277.000000 11.805435
 277.250000 28.052890
 277.500000 27.794704
 277.750000 24.192526
 278.000000 15.610402
 278.250000 21.616971
 278.500000 26.970383
 278.750000 28.064887
 279.000000 27.275420
 279.250000 24.045043
 279.500000 24.101416
 279.750000 15.877105
 280.000000 19.435304
 280.250000 28.681734
 280.500000 10.295702
 280.750000 22.398545
 281.000000 13.906845
 281.250000 15.685763
 281.500000 20.925652
 281.750000 19.193942
 282.000000 19.077979
 282.250000 16.078464
 282.500000 18.391683
 282.750000 17.768371
 283.000000 22.471319
 283.250000 27.874654
 283.500000 25.514154
 283.750000 16.073488
 284.000000 29.159843
 284.250000 23.578801
 284.500000 13.439786
 284.750000 29.282478
 285.000000 10.630896
 285.250000 24.498141
 285.500000 5.921924
 285.750000 3.993928
 286.000000 17.979346
 286.250000 12.155242
 286.500000 23.769339
 286.750000 21.576052
 287.000000 19.034269
 287.250000 25.174486
 287.500000 29.989244
 287.750000 25.219574
 288.000000 22.594207
 288.250000 25.449220
 288.500000 21.845985
 288.750000 10.599679
 289.000000 19.419137
 289.250000 22.984446
 289.500000 27.211977
 289.750000 19.438818
 290.000000 17.466979
 290.250000 7.353267
 290.500000 13.948631
 290.750000 26.347534
 291.000000 24.833648
 291.250000 18.898517
 291.500000 23.214854
 291.750000 27.527278
 292.000000 28.558906
 292.250000 28.138574
 292.500000 25.569299
 292.750000 20.929175
 293.000000 22.618938
 293.250000 27.949785
 293.500000 24.538070
 293.750000 19.269593
 294.000000 25.824095
 294.250000 26.856266
 294.500000 26.105185
 294.750000 21.686833
 295.000000 22.115530
 295.250000 23.449556
 295.500000 23.435829
 295.750000 27.639256
 296.000000 20.377434
 296.250000 16.361752
 296.500000 26.222413
 296.750000 19.493948
 297.000000 16.167012
 297.250000 23.930737
 297.500000 1.036717
 297.750000 16.203850
 298.000000 5.970849
 298.250000 19.762349
 298.500000 20.411467
 298.750000 20.584624
 299.000000 12.282882
 299.250000 23.191562
 299.500000 25.177722
 299.750000 19.480863
 300.000000 17.974754
 300.250000 10.643708
 300.500000 12.245535
 300.750000 24.823123
 301.000000 3.324197
 301.250000 14.235747
 301.500000 11.539494
 301.750000 10.244834
 302.000000 10.112152
 302.250000 12.589237
 302.500000 9.782107
 302.750000 11.715122
 303.000000 17.514738
 303.250000 15.101614
 303.500000 14.978361
 303.750000 20.960414
 304.000000 24.176577
 304.250000 16.487389
 304.500000 11.742411
 304.750000 15.602879
 305.000000 7.615983
 305.250000 12.191092
 305.500000 18.308732
 305.750000 21.157984
 306.000000 10.550944
 306.250000 17.199597
 306.500000 22.518415
 306.750000 25.862461
 307.000000 21.435896
 307.250000 19.558544
 307.500000 20.327826
 307.750000 26.905823
 308.000000 23.028888
 308.250000 11.875473
 308.500000 18.830942
 308.750000 16.493370
 309.000000 25.116023
 309.250000 22.161752
 309.500000 26.201471
 309.750000 26.629418
 310.000000 22.622951
 310.250000 10.352308
 310.500000 10.066230
 310.750000 16.467115
 311.000000 19.448832
 311.250000 2.527343
 311.500000 25.070660
 311.750000 15.724080
 312.000000 11.578243
 312.250000 16.765268
 312.500000 13.761651
 312.750000 16.002239
 313.000000 26.599959
 313.250000 23.135362
 313.500000 21.754751
 313.750000 21.691506
 314.000000 22.883812
 314.250000 27.000934
 314.500000 8.917106
 314.750000 23.743684
 315.000000 21.951117
 315.250000 22.846792
 315.500000 23.661762
 315.750000 20.073139
 316.000000 18.043572
 316.250000 17.346597
 316.500000 7.556577
 316.750000 15.398457
 317.000000 23.900353
 317.250000 22.757762
 317.500000 23.577365
 317.750000 13.585024
 318.000000 23.161550
 318.250000 20.768204
 318.500000 16.145365
 318.750000 11.904934
 319.000000 22.017853
 319.250000 17.466868
 319.500000 7.966473
 319.750000 26.039869
 320.000000 14.302718
 320.250000 15.848719
 320.500000 22.897084
 320.750000 8.787271
 321.000000 23.200079
 321.250000 23.879899
 321.500000 10.676101
 321.750000 12.682794
 322.000000 19.965395
 322.250000 20.151004
 322.500000 20.303304
 322.750000 19.458507
 323.000000 24.432743
 323.250000 30.917284
 323.500000 30.414765
 323.750000 26.655730
 324.000000 18.296504
 324.250000 19.853441
 324.500000 22.457517
 324.750000 17.610240
 325.000000 23.977410
 325.250000 29.338483
 325.500000 17.395632
 325.750000 22.225806
 326.000000 12.898554
 326.250000 21.093051
 326.500000 27.720201
 326.750000 28.958290
 327.000000 28.743779
 327.250000 29.375037
 327.500000 27.441004
 327.750000 28.584366
 328.000000 27.164809
 328.250000 25.108482
 328.500000 23.185447
 328.750000 22.597122
 329.000000 24.622442
 329.250000 24.632415
 329.500000 20.889332
 329.750000 18.561491
 330.000000 13.011521
 330.250000 9.301666
 330.500000 9.841364
 330.750000 22.900064
 331.000000 18.841167
 331.250000 6.175579
 331.500000 23.577723
 331.750000 5.038123
 332.000000 16.371834
 332.250000 15.966018
 332.500000 17.655695
 332.750000 15.622797
 333.000000 19.120760
 333.250000 13.103216
 333.500000 23.515265
 333.750000 22.630192
 334.000000 23.503651
 334.250000 15.792571
 334.500000 23.241362
 334.750000 18.146401
 335.000000 22.820195
 335.250000 19.369543
 335.500000 19.795223
 335.750000 24.289890
 336.000000 22.874361
 336.250000 24.044496
 336.500000 21.326676
 336.750000 18.014478
 337.000000 18.118481
 337.250000 20.088388
 337.500000 23.612862
 337.750000 26.681345
 338.000000 28.682393
 338.250000 28.225875
 338.500000 25.561348
 338.750000 19.641551
 339.000000 9.940570
 339.250000 10.718566
 339.500000 21.320363
 339.750000 27.005237
 340.000000 24.252083
 340.250000 20.519480
 340.500000 13.832453
 340.750000 14.440056
 341.000000 19.372871
 341.250000 23.618807
 341.500000 23.174428
 341.750000 18.227420
 342.000000 27.940882
 342.250000 22.597561
 342.500000 25.083958
 342.750000 29.418785
 343.000000 19.123974
 343.250000 16.949674
 343.500000 11.856690
 343.750000 23.212938
 344.000000 26.200273
 344.250000 19.559091
 344.500000 28.760883
 344.750000 23.712149
 345.000000 9.974796
 345.250000 22.042869
 345.500000 20.599601
 345.750000 8.610804
 346.000000 9.829409
 346.250000 20.880885
 346.500000 12.917381
 346.750000 4.125461
 347.000000 25.496783
 347.250000 24.312630
 347.500000 14.122187
 347.750000 19.511346
 348.000000 23.434641
 348.250000 23.341890
 348.500000 19.774210
 348.750000 24.983879
 349.000000 28.424799
 349.250000 17.467144
 349.500000 26.729852
 349.750000 27.225207
 350.000000 28.133632
 350.250000 16.975084
 350.500000 7.121649
 350.750000 26.796795
 351.000000 28.450049
 351.250000 27.711618
 351.500000 30.272049
 351.750000 29.394364
 352.000000 29.136755
 352.250000 17.002029
 352.500000 19.125708
 352.750000 20.624165
 353.000000 29.491092
 353.250000 24.119315
 353.500000 19.463422
 353.750000 29.182807
 354.000000 25.497263
 354.250000 9.602651
 354.500000 14.821563
 354.750000 7.640863
 355.000000 17.955772
 355.250000 13.422284
 355.500000 12.442326
 355.750000 8.389745
 356.000000 17.394326
 356.250000 21.517431
 356.500000 19.983967
 356.750000 16.331462
 357.000000 17.387809
 357.250000 26.561934
 357.500000 26.340059
 357.750000 23.072809
 358.000000 16.680080
 358.250000 22.570586
 358.500000 30.400627
 358.750000 27.513133
 359.000000 23.038432
 359.250000 30.891466
 359.500000 21.914038
 359.750000 26.300809
 360.000000 27.761839
 360.250000 28.167787
 360.500000 24.778221
 360.750000 23.286189
 361.000000 19.682360
 361.250000 24.999701
 361.500000 24.639438
 361.750000 28.231350
 362.000000 28.664551
 362.250000 17.884520
 362.500000 20.466005
 362.750000 20.507483
 363.000000 11.970699
 363.250000 21.454061
 363.500000 30.570346
 363.750000 14.575601
 364.000000 27.114964
 364.250000 29.969593
 364.500000 26.175107
 364.750000 31.212525
 365.000000 12.287687
 365.250000 21.239042
 365.500000 31.887069
 365.750000 29.824842
 366.000000 26.734700
 366.250000 26.040725
 366.500000 17.395628
 366.750000 17.405162
 367.000000 28.690962
 367.250000 24.658822
 367.500000 31.028751
 367.750000 27.540400
 368.000000 20.983844
 368.250000 23.377805
 368.500000 30.443175
 368.750000 14.640712
 369.000000 15.165426
 369.250000 19.758742
 369.500000 22.016807
 369.750000 29.358288
 370.000000 29.354837
 370.250000 26.759466
 370.500000 32.049195
 370.750000 23.739340
 371.000000 25.565230
 371.250000 10.649319
 371.500000 17.709064
 371.750000 3.174286
 372.000000 31.498150
 372.250000 20.790502
 372.500000 10.150470
 372.750000 29.230303
 373.000000 16.544938
 373.250000 11.190762
 373.500000 24.001654
 373.750000 26.142349
 374.000000 19.130994
 374.250000 32.180425
 374.500000 6.392717
 374.750000 11.769099
 375.000000 28.407871
 375.250000 25.132419
 375.500000 13.425820
 375.750000 18.511757
 376.000000 22.001712
 376.250000 24.174815
 376.500000 9.620741
 376.750000 16.396276
 377.000000 28.914887
 377.250000 23.189208
 377.500000 19.734589
 377.750000 20.932861
 378.000000 25.466159
 378.250000 20.127827
 378.500000 22.324002
 378.750000 22.661412
 379.000000 22.336625
 379.250000 18.948160
 379.500000 27.070249
 379.750000 31.167916
 380.000000 26.829909
 380.250000 27.198940
 380.500000 27.756841
 380.750000 20.493534
 381.000000 27.139364
 381.250000 19.281013
 381.500000 6.225021
 381.750000 22.828713
 382.000000 23.909385
 382.250000 14.595089
 382.500000 28.591934
 382.750000 23.689439
 383.000000 22.618578
 383.250000 28.861159
 383.500000 19.998224
 383.750000 15.226486
 384.000000 10.709027
 384.250000 9.728964
 384.500000 18.716216
 384.750000 29.517672
 385.000000 30.361728
 385.250000 31.547912
 385.500000 29.327066
 385.750000 28.018493
 386.000000 28.524139
 386.250000 27.447492
 386.500000 19.454570
 386.750000 19.994424
 387.000000 29.273814
 387.250000 28.922104
 387.500000 24.118568
 387.750000 22.361478
 388.000000 26.473412
 388.250000 22.131527
 388.500000 15.743678
 388.750000 16.774828
 389.000000 18.298391
 389.250000 21.840513
 389.500000 27.748002
 389.750000 24.614818
 390.000000 23.343981
 390.250000 25.240457
 390.500000 20.889892
 390.750000 19.904729
 391.000000 26.427435
 391.250000 23.469327
 391.500000 26.471089
 391.750000 22.163295
 392.000000 23.308360
 392.250000 23.755851
 392.500000 27.889207
 392.750000 12.832492
 393.000000 27.555668
 393.250000 28.551564
 393.500000 15.185800
 393.750000 12.349730
 394.000000 21.590863
 394.250000 23.295171
 394.500000 24.555429
 394.750000 24.956051
 395.000000 26.461068
 395.250000 28.099191
 395.500000 18.020346
 395.750000 17.847318
 396.000000 21.355798
 396.250000 21.112010
 396.500000 24.252734
 396.750000 23.366130
 397.000000 22.679092
 397.250000 24.769918
 397.500000 27.395380
 397.750000 17.009059
 398.000000 18.735985
 398.250000 30.090120
 398.500000 31.299978
 398.750000 24.216040
 399.000000 25.573469
 399.250000 19.072491
 399.500000 22.449771
 399.750000 15.458122
 400.000000 18.883132
 400.250000 18.346865
 400.500000 13.128619
 400.750000 12.126489
 401.000000 28.741339
 401.250000 26.000754
 401.500000 13.911935
 401.750000 30.583449
 402.000000 11.714505
 402.250000 8.442928
 402.500000 12.850683
 402.750000 26.581225
 403.000000 14.657264
 403.250000 24.647008
 403.500000 21.833971
 403.750000 10.488792
 404.000000 26.149256
 404.250000 12.943153
 404.500000 18.341920
 404.750000 26.941134
 405.000000 28.463382
 405.250000 15.918377
 405.500000 14.732122
 405.750000 26.083246
 406.000000 22.833914
 406.250000 23.294582
 406.500000 7.763036
 406.750000 23.186470
 407.000000 21.294874
 407.250000 6.043845
 407.500000 22.526565
 407.750000 27.955939
 408.000000 21.823029
 408.250000 12.258265
 408.500000 11.772020
 408.750000 28.632242
 409.000000 17.317602
 409.250000 8.856014
 409.500000 13.844222
 409.750000 22.622108
 410.000000 14.839499
 410.250000 19.177971
 410.500000 18.965092
 410.750000 20.892170
 411.000000 26.325708
 411.250000 22.581291
 411.500000 26.781729
 411.750000 15.496318
 412.000000 18.801783
 412.250000 17.969382
 412.500000 5.620121
 412.750000 11.692281
 413.000000 27.131690
 413.250000 29.377956
 413.500000 31.153093
 413.750000 30.832933
 414.000000 30.036161
 414.250000 17.642675
 414.500000 23.149737
 414.750000 25.890746
 415.000000 27.756825
 415.250000 27.855700
 415.500000 27.877126
 415.750000 26.381574
 416.000000 29.719842
 416.250000 30.467653
 416.500000 27.754247
 416.750000 29.995405
 417.000000 31.850268
 417.250000 30.986057
 417.500000 26.817119
 417.750000 25.191752
 418.000000 27.395609
 418.250000 23.610700
 418.500000 24.801739
 418.750000 28.394906
 419.000000 28.827805
 419.250000 18.027453
 419.500000 26.962072
 419.750000 27.752187
 420.000000 20.314098
 420.250000 17.531573
 420.500000 24.425423
 420.750000 21.003627
 421.000000 22.157220
 421.250000 31.024005
 421.500000 24.100502
 421.750000 26.387037
 422.000000 28.496054
 422.250000 26.718679
 422.500000 31.035581
 422.750000 22.625102
 423.000000 28.605084
 423.250000 21.839222
 423.500000 18.377133
 423.750000 14.059379
 424.000000 23.340765
 424.250000 30.409064
 424.500000 31.841681
 424.750000 29.633483
 425.000000 15.534647
 425.250000 22.959623
 425.500000 15.240507
 425.750000 14.081823
 426.000000 8.984723
 426.250000 14.118765
 426.500000 22.792903
 426.750000 30.169464
 427.000000 23.351727
 427.250000 13.747189
 427.500000 24.991632
 427.750000 9.620849
 428.000000 13.730457
 428.250000 13.731199
 428.500000 25.939894
 428.750000 23.536571
 429.000000 19.758316
 429.250000 27.059705
 429.500000 22.007848
 429.750000 32.264873
 430.000000 16.071411
 430.250000 19.480205
 430.500000 10.165066
 430.750000 27.644864
 431.000000 32.605565
 431.250000 29.405292
 431.500000 28.651170
 431.750000 26.210371
 432.000000 27.249389
 432.250000 18.538723
 432.500000 28.019398
 432.750000 28.542961
 433.000000 24.640128
 433.250000 28.714149
 433.500000 15.989328
 433.750000 23.026008
 434.000000 13.183550
 434.250000 12.460936
 434.500000 25.796735
 434.750000 22.109162
 435.000000 14.439672
 435.250000 26.893336
 435.500000 29.646833
 435.750000 30.307429
 436.000000 28.672458
 436.250000 21.380521
 436.500000 20.670366
 436.750000 31.373031
 437.000000 29.839614
 437.250000 30.292893
 437.500000 23.319897
 437.750000 15.236823
 438.000000 27.928122
 438.250000 32.315426
 438.500000 32.282283
 438.750000 29.196641
 439.000000 17.063831
 439.250000 21.453008
 439.500000 30.577124
 439.750000 25.240025
 440.000000 15.108808
 440.250000 28.830552
 440.500000 18.944516
 440.750000 21.805690
 441.000000 23.803040
 441.250000 3.263665
 441.500000 19.033260
 441.750000 32.476367
 442.000000 15.518637
 442.250000 13.411783
 442.500000 13.733791
 442.750000 25.619890
 443.000000 12.473347
 443.250000 6.394509
 443.500000 16.851408
 443.750000 22.925128
 444.000000 20.829556
 444.250000 15.705373
 444.500000 17.202661
 444.750000 24.125441
 445.000000 24.968404
 445.250000 30.889887
 445.500000 24.493979
 445.750000 17.271816
 446.000000 16.922042
 446.250000 14.648404
 446.500000 10.201296
 446.750000 19.309968
 447.000000 24.197674
 447.250000 32.421929
 447.500000 31.353396
 447.750000 31.550235
 448.000000 28.779327
 448.250000 18.181504
 448.500000 25.355421
 448.750000 31.144677
 449.000000 29.458719
 449.250000 31.838412
 449.500000 31.514657
 449.750000 31.848556
 450.000000 20.981649
 450.250000 29.111491
 450.500000 32.495168
 450.750000 31.102104
 451.000000 30.763771
 451.250000 30.844986
 451.500000 29.263986
 451.750000 23.582717
 452.000000 22.180703
 452.250000 20.306339
 452.500000 14.551189
 452.750000 6.773294
 453.000000 23.119897
 453.250000 32.904327
 453.500000 30.294621
 453.750000 9.914412
 454.000000 10.365673
 454.250000 12.733494
 454.500000 18.725878
 454.750000 18.417511
 455.000000 24.994151
 455.250000 27.422437
 455.500000 29.279165
 455.750000 32.426038
 456.000000 31.519560
 456.250000 29.374654
 456.500000 23.077694
 456.750000 32.499551
 457.000000 26.338560
 457.250000 25.091641
 457.500000 26.216971
 457.750000 19.754307
 458.000000 27.172995
 458.250000 19.106387
 458.500000 16.424813
 458.750000 15.178931
 459.000000 10.779670
 459.250000 26.266139
 459.500000 26.051627
 459.750000 21.697886
 460.000000 24.890592
 460.250000 20.041339
 460.500000 11.083249
 460.750000 29.219385
 461.000000 15.093592
 461.250000 15.287541
 461.500000 24.092019
 461.750000 22.703390
 462.000000 26.266830
 462.250000 18.394882
 462.500000 19.105606
 462.750000 21.188938
 463.000000 19.346570
 463.250000 18.857712
 463.500000 25.784785
 463.750000 22.243809
 464.000000 23.454639
 464.250000 17.273379
 464.500000 23.496546
 464.750000 28.372963
 465.000000 23.164622
 465.250000 16.252838
 465.500000 28.322419
 465.750000 26.067386
 466.000000 24.102332
 466.250000 26.616115
 466.500000 24.399817
 466.750000 25.802565
 467.000000 29.359871
 467.250000 27.156995
 467.500000 29.712063
 467.750000 29.340674
 468.000000 20.559815
 468.250000 26.969840
 468.500000 16.701697
 468.750000 18.697437
 469.000000 15.614135
 469.250000 23.846258
 469.500000 21.996451
 469.750000 13.765222
 470.000000 21.249210
 470.250000 24.637183
 470.500000 23.710309
 470.750000 29.201958
 471.000000 29.813515
 471.250000 28.112797
 471.500000 26.936785
 471.750000 29.647903
 472.000000 21.602670
 472.250000 29.928029
 472.500000 28.326663
 472.750000 28.860413
 473.000000 24.796313
 473.250000 19.954147
 473.500000 25.458359
 473.750000 19.256647
 474.000000 2.841604
 474.250000 29.901915
 474.500000 25.327143
 474.750000 5.176404
 475.000000 13.772220
 475.250000 30.331553
 475.500000 24.297459
 475.750000 25.307678
 476.000000 25.676826
 476.250000 30.728805
 476.500000 24.688944
 476.750000 27.440879
 477.000000 24.978881
 477.250000 27.042783
 477.500000 25.843798
 477.750000 19.706115
 478.000000 22.363663
 478.250000 26.197595
 478.500000 30.100905
 478.750000 20.330502
 479.000000 22.781257
 479.250000 22.938567
 479.500000 21.789307
 479.750000 30.512470
 480.000000 27.714284
 480.250000 26.440882
 480.500000 23.891128
 480.750000 31.365070
 481.000000 21.325969
 481.250000 29.961594
 481.500000 31.102568
 481.750000 31.462538
 482.000000 28.224682
 482.250000 26.146298
 482.500000 9.817665
 482.750000 31.329320
 483.000000 20.878152
 483.250000 12.278872
 483.500000 29.988702
 483.750000 30.006506
 484.000000 17.560795
 484.250000 17.055830
 484.500000 18.817193
 484.750000 22.199567
 485.000000 18.012379
 485.250000 18.711105
 485.500000 29.116959
 485.750000 21.603034
 486.000000 31.121988
 486.250000 29.116411
 486.500000 23.616183
 486.750000 8.991195
 487.000000 18.709172
 487.250000 22.613041
 487.500000 23.827170
 487.750000 11.140179
 488.000000 28.683850
 488.250000 22.514496
 488.500000 19.523233
 488.750000 4.864996
 489.000000 21.883484
 489.250000 27.128810
 489.500000 17.611979
 489.750000 24.341504
 490.000000 28.243289
 490.250000 16.799370
 490.500000 28.200006
 490.750000 31.868748
 491.000000 24.565489
 491.250000 31.953602
 491.500000 32.184464
 491.750000 32.107864
 492.000000 27.713085
 492.250000 29.562622
 492.500000 13.968946
 492.750000 18.899037
 493.000000 31.201913
 493.250000 32.345327
 493.500000 32.520722
 493.750000 30.223060
 494.000000 28.165937
 494.250000 31.947694
 494.500000 12.848238
 494.750000 9.622656
 495.000000 28.110903
 495.250000 29.741197
 495.500000 5.271757
 495.750000 20.147687
 496.000000 10.497550
 496.250000 18.857142
 496.500000 15.570285
 496.750000 27.550328
 497.000000 29.925768
 497.250000 31.545333
 497.500000 31.358225
 497.750000 15.653470
 498.000000 32.367928
 498.250000 31.598146
 498.500000 22.347039
 498.750000 19.266958
 499.000000 22.768147
 499.250000 18.245372
 499.500000 16.703318
 499.750000 25.139338
 500.000000 25.396591
 500.250000 13.131128
 500.500000 13.466162
 500.750000 6.140222
 501.000000 32.499166
 501.250000 10.109034
 501.500000 30.701627
 501.750000 8.658905
 502.000000 28.707607
 502.250000 20.769990
 502.500000 16.372809
 502.750000 28.015526
 503.000000 30.385112
 503.250000 11.400378
 503.500000 11.767480
 503.750000 9.867543
 504.000000 28.655133
 504.250000 24.307005
 504.500000 21.287458
 504.750000 15.223082
 505.000000 26.389192
 505.250000 32.595557
 505.500000 29.837466
 505.750000 18.250299
 506.000000 26.893579
 506.250000 27.199599
 506.500000 9.559611
 506.750000 24.729362
 507.000000 27.790351
 507.250000 16.277192
 507.500000 11.310132
 507.750000 25.936212
 508.000000 24.868731
 508.250000 22.395678
 508.500000 13.532619
 508.750000 21.377316
 509.000000 12.534582
 509.250000 1.564379
 509.500000 32.511796
 509.750000 22.184612
 510.000000 14.922634
 510.250000 23.935849
 510.500000 25.648926
 510.750000 31.666238
 511.000000 24.486404
 511.250000 32.810162
 511.500000 32.689776
 511.750000 32.043838
 512.000000 17.066167
 512.250000 31.244996
 512.500000 27.938843
 512.750000 21.310650
 513.000000 11.091501
 513.250000 18.408668
 513.500000 26.415285
 513.750000 22.927211
 514.000000 19.264773
 514.250000 13.179626
 514.500000 29.855860
 514.750000 27.833119
 515.000000 28.722897
 515.250000 26.661006
 515.500000 26.882762
 515.750000 33.678190
 516.000000 30.467431
 516.250000 33.550406
 516.500000 21.901299
 516.750000 18.151690
 517.000000 22.358882
 517.250000 29.097780
 517.500000 29.860712
 517.750000 27.572054
 518.000000 30.186504
 518.250000 33.578553
 518.500000 22.569568
 518.750000 31.095708
 519.000000 25.810066
 519.250000 24.833357
 519.500000 25.913973
 519.750000 28.059076
 520.000000 26.544683
 520.250000 33.919159
 520.500000 30.963478
 520.750000 21.012980
 521.000000 28.198495
 521.250000 32.381710
 521.500000 26.235189
 521.750000 25.686850
 522.000000 30.592615
 522.250000 28.823568
 522.500000 30.572768
 522.750000 31.826627
 523.000000 27.219458
 523.250000 31.288135
 523.500000 32.970864
 523.750000 29.544747
 524.000000 18.877653
 524.250000 18.167375
 524.500000 29.458093
 524.750000 31.119467
 525.000000 30.482297
 525.250000 17.743404
 525.500000 20.425988
 525.750000 30.238012
 526.000000 28.417826
 526.250000 22.343410
 526.500000 23.751676
 526.750000 25.719643
 527.000000 24.363010
 527.250000 16.755773
 527.500000 18.616718
 527.750000 18.476511
 528.000000 23.919396
 528.250000 25.134531
 528.500000 27.881151
 528.750000 28.581307
 529.000000 18.574470
 529.250000 16.353937
 529.500000 31.598064
 529.750000 29.191215
 530.000000 29.490998
 530.250000 25.254647
 530.500000 24.770645
 530.750000 27.587507
 531.000000 25.481437
 531.250000 26.975382
 531.500000 29.325020
 531.750000 29.143212
 532.000000 17.901400
 532.250000 22.561256
 532.500000 28.874967
 532.750000 33.759370
 533.000000 30.312600
 533.250000 23.338123
 533.500000 25.821971
 533.750000 30.552379
 534.000000 28.579350
 534.250000 17.991445
 534.500000 27.076451
 534.750000 34.417077
 535.000000 32.630535
 535.250000 26.243610
 535.500000 31.732507
 535.750000 26.996087
 536.000000 20.624533
 536.250000 33.038832
 536.500000 30.456629
 536.750000 27.694551
 537.000000 32.693126
 537.250000 23.699887
 537.500000 27.185746
 537.750000 26.645343
 538.000000 25.298218
 538.250000 32.096735
 538.500000 32.229770
 538.750000 33.545698
 539.000000 32.958045
 539.250000 30.178240
 539.500000 17.685786
 539.750000 21.355716
 540.000000 26.083520
 540.250000 34.776217
 540.500000 27.929058
 540.750000 18.831723
 541.000000 15.131472
 541.250000 32.821632
 541.500000 25.337256
 541.750000 21.345425
 542.000000 8.465590
 542.250000 24.368379
 542.500000 26.855052
 542.750000 24.426359
 543.000000 26.083070
 543.250000 26.505149
 543.500000 29.968156
 543.750000 33.075495
 544.000000 25.830318
 544.250000 26.601508
 544.500000 15.545484
 544.750000 13.154262
 545.000000 14.620583
 545.250000 13.617926
 545.500000 16.508498
 545.750000 25.341659
 546.000000 23.735274
 546.250000 31.088380
 546.500000 34.680351
 546.750000 22.223933
 547.000000 31.578695
 547.250000 33.495053
 547.500000 21.703674
 547.750000 23.701488
 548.000000 26.651997
 548.250000 23.466538
 548.500000 16.497975
 548.750000 23.127780
 549.000000 33.882300
 549.250000 26.329879
 549.500000 26.635361
 549.750000 30.481959
 550.000000 26.238508
 550.250000 26.972536
 550.500000 27.658082
 550.750000 31.635696
 551.000000 28.844727
 551.250000 30.178853
 551.500000 30.012545
 551.750000 12.893475
 552.000000 32.897474
 552.250000 33.595193
 552.500000 25.222085
 552.750000 10.117767
 553.000000 9.460259
 553.250000 27.201115
 553.500000 16.916765
 553.750000 17.816608
 554.000000 18.872334
 554.250000 24.787350
 554.500000 30.088319
 554.750000 32.126423
 555.000000 28.414463
 555.250000 24.683827
 555.500000 22.294105
 555.750000 27.195852
 556.000000 28.303063
 556.250000 23.884242
 556.500000 33.540600
 556.750000 32.918951
 557.000000 26.980158
 557.250000 31.204179
 557.500000 27.425064
 557.750000 25.760496
 558.000000 14.046351
 558.250000 14.310758
 558.500000 21.051287
 558.750000 25.872645
 559.000000 28.814413
 559.250000 31.466401
 559.500000 24.709785
 559.750000 28.651286
 560.000000 23.310340
 560.250000 31.639283
 560.500000 24.200946
 560.750000 23.136951
 561.000000 30.162152
 561.250000 24.223920
 561.500000 16.606265
 561.750000 21.874773
 562.000000 31.938074
 562.250000 19.139219
 562.500000 27.225431
 562.750000 15.089729
 563.000000 20.378641
 563.250000 13.015360
 563.500000 15.961646
 563.750000 29.953068
 564.000000 31.497525
 564.250000 23.309233
 564.500000 15.699535
 564.750000 24.271659
 565.000000 34.146253
 565.250000 28.914836
 565.500000 21.270199
 565.750000 21.100882
 566.000000 29.944676
 566.250000 31.820120
 566.500000 32.887852
 566.750000 32.337718
 567.000000 20.834471
 567.250000 28.357504
 567.500000 19.176928
 567.750000 8.208804
 568.000000 14.679077
 568.250000 11.258034
 568.500000 20.206878
 568.750000 22.440843
 569.000000 29.477795
 569.250000 24.732013
 569.500000 25.075655
 569.750000 19.033850
 570.000000 14.840577
 570.250000 4.185537
 570.500000 15.457316
 570.750000 30.150839
 571.000000 8.088916
 571.250000 11.619728
 571.500000 27.026676
 571.750000 33.466976
 572.000000 20.375648
 572.250000 24.248077
 572.500000 11.066758
 572.750000 28.188818
 573.000000 32.666090
 573.250000 30.533437
 573.500000 26.748921
 573.750000 17.733761
 574.000000 25.363361
 574.250000 17.787469
 574.500000 27.970778
 574.750000 25.251584
 575.000000 17.402962
 575.250000 24.486012
 575.500000 26.276075
 575.750000 31.394447
 576.000000 25.782774
 576.250000 23.617028
 576.500000 31.633571
 576.750000 20.522769
 577.000000 17.569081
 577.250000 17.608897
 577.500000 18.187783
 577.750000 27.271196
 578.000000 25.284015
 578.250000 27.072253
 578.500000 28.302581
 578.750000 21.588772
 579.000000 20.612020
 579.250000 27.947549
 579.500000 25.382277
 579.750000 28.107798
 580.000000 29.254877
 580.250000 23.270621
 580.500000 18.949443
 580.750000 17.926472
 581.000000 27.637354
 581.250000 24.108384
 581.500000 28.768900
 581.750000 26.672220
 582.000000 33.383202
 582.250000 14.577868
 582.500000 27.079175
 582.750000 24.423112
 583.000000 23.132213
 583.250000 26.961391
 583.500000 27.961020
 583.750000 16.160063
 584.000000 16.742784
 584.250000 31.238717
 584.500000 33.837639
 584.750000 32.188880
 585.000000 33.102755
 585.250000 31.485234
 585.500000 14.395748
 585.750000 22.015148
 586.000000 33.619810
 586.250000 27.237048
 586.500000 31.804848
 586.750000 31.243586
 587.000000 26.249786
 587.250000 19.983078
 587.500000 17.442305
 587.750000 24.399215
 588.000000 11.012543
 588.250000 24.004962
 588.500000 10.827956
 588.750000 11.616863
 589.000000 20.445354
 589.250000 16.004480
 589.500000 16.629604
 589.750000 34.351750
 590.000000 33.229519
 590.250000 28.493800
 590.500000 35.181674
 590.750000 32.844965
 591.000000 25.167173
 591.250000 17.434144
 591.500000 25.634509
 591.750000 33.681610
 592.000000 22.405851
 592.250000 17.260288
 592.500000 23.332306
 592.750000 21.890936
 593.000000 19.983402
 593.250000 24.166101
 593.500000 17.135567
 593.750000 34.484421
 594.000000 34.338098
 594.250000 25.989626
 594.500000 21.132843
 594.750000 19.259939
 595.000000 25.730929
 595.250000 26.300563
 595.500000 23.502567
 595.750000 22.994650
 596.000000 27.789012
 596.250000 23.055737
 596.500000 24.826309
 596.750000 4.132695
 597.000000 12.708584
 597.250000 30.989253
 597.500000 27.606949
 597.750000 24.088340
 598.000000 17.123417
 598.250000 14.447487
 598.500000 29.011878
 598.750000 26.306401
 599.000000 22.634810
 599.250000 34.374403
 599.500000 34.724393
 599.750000 34.765046
 600.000000 34.449653
 600.250000 23.441070
 600.500000 19.942995
 600.750000 23.066554
 601.000000 24.787817
 601.250000 32.995714
 601.500000 15.072826
 601.750000 20.802438
 602.000000 33.246999
 602.250000 35.022903
 602.500000 34.588471
 602.750000 27.993845
 603.000000 27.680780
 603.250000 34.460059
 603.500000 15.467016
 603.750000 23.201903
 604.000000 31.065571
 604.250000 33.534302
 604.500000 21.844744
 604.750000 22.180739
 605.000000 12.082588
 605.250000 8.777502
 605.500000 8.587407
 605.750000 25.257879
 606.000000 33.215162
 606.250000 31.364233
 606.500000 34.729840
 606.750000 34.367284
 607.000000 30.713907
 607.250000 25.140247
 607.500000 25.078245
 607.750000 23.826077
 608.000000 32.063986
 608.250000 13.815412
 608.500000 33.495095
 608.750000 33.226302
 609.000000 29.399508
 609.250000 27.952669
 609.500000 23.780781
 609.750000 17.625352
 610.000000 26.684792
 610.250000 30.769804
 610.500000 34.813016
 610.750000 16.652586
 611.000000 17.080832
 611.250000 25.212245
 611.500000 27.084930
 611.750000 22.060106
 612.000000 11.117804
 612.250000 14.236760
 612.500000 24.498176
 612.750000 26.226648
 613.000000 33.044952
 613.250000 35.031135
 613.500000 33.308116
 613.750000 26.644555
 614.000000 18.757945
 614.250000 9.110139
 614.500000 31.462036
 614.750000 21.287912
 615.000000 4.148032
 615.250000 28.838227
 615.500000 4.825362
 615.750000 12.356024
 616.000000 15.491274
 616.250000 8.117710
 616.500000 27.973630
 616.750000 28.254528
 617.000000 17.779903
 617.250000 29.814138
 617.500000 27.251468
 617.750000 33.696994
 618.000000 32.669323
 618.250000 34.251256
 618.500000 31.432311
 618.750000 23.429341
 619.000000 24.022458
 619.250000 25.232539
 619.500000 34.357121
 619.750000 34.340755
 620.000000 27.597335
 620.250000 26.042522
 620.500000 19.718112
 620.750000 22.111106
 621.000000 27.092960
 621.250000 19.522918
 621.500000 20.210987
 621.750000 19.778021
 622.000000 12.754870
 622.250000 15.146963
 622.500000 26.230711
 622.750000 19.021153
 623.000000 11.370466
 623.250000 28.879433
 623.500000 33.044579
 623.750000 23.267784
 624.000000 22.063152
 624.250000 18.974261
 624.500000 15.031093
 624.750000 28.857644
 625.000000 31.400103
 625.250000 31.113431
 625.500000 24.654733
 625.750000 14.970868
 626.000000 17.555056
 626.250000 35.045618
 626.500000 34.499203
 626.750000 32.301952
 627.000000 32.880169
 627.250000 33.882699
 627.500000 28.116773
 627.750000 29.149596
 628.000000 19.857818
 628.250000 26.160706
 628.500000 34.494119
 628.750000 30.665732
 629.000000 22.622753
 629.250000 35.394531
 629.500000 33.763965
 629.750000 33.609074
 630.000000 31.867767
 630.250000 30.497472
 630.500000 24.197741
 630.750000 28.348966
 631.000000 32.169881
 631.250000 27.709892
 631.500000 31.850784
 631.750000 26.588821
 632.000000 29.640650
 632.250000 34.588791
 632.500000 32.344250
 632.750000 27.237012
 633.000000 25.952374
 633.250000 28.876120
 633.500000 35.490956
 633.750000 31.518920
 634.000000 27.949539
 634.250000 26.941024
 634.500000 14.630699
 634.750000 21.030404
 635.000000 29.712843
 635.250000 30.334915
 635.500000 24.577754
 635.750000 24.365852
 636.000000 30.149555
 636.250000 19.278745
 636.500000 26.670233
 636.750000 15.492546
 637.000000 16.054530
 637.250000 19.958632
 637.500000 34.449504
 637.750000 29.907320
 638.000000 23.048639
 638.250000 22.682893
 638.500000 22.689208
 638.750000 27.348453
 639.000000 22.179464
 639.250000 31.077763
 639.500000 36.127417
 639.750000 30.647212
 640.000000 19.387146
 640.250000 17.389090
 640.500000 23.761675
 640.750000 28.708769
 641.000000 32.950650
 641.250000 33.541953
 641.500000 28.114294
 641.750000 32.805885
 642.000000 36.333111
 642.250000 23.793199
 642.500000 20.127497
 642.750000 17.006859
 643.000000 25.498528
 643.250000 29.852466
 643.500000 28.690623
 643.750000 21.216560
 644.000000 29.313490
 644.250000 28.073613
 644.500000 27.268016
 644.750000 29.149889
 645.000000 23.875421
 645.250000 27.517465
 645.500000 25.813481
 645.750000 25.783282
 646.000000 25.564027
 646.250000 28.860049
 646.500000 36.061051
 646.750000 29.565641
 647.000000 31.392423
 647.250000 27.044545
 647.500000 29.550394
 647.750000 22.406966
 648.000000 18.092308
 648.250000 20.098209
 648.500000 26.761360
 648.750000 30.184896
 649.000000 32.441739
 649.250000 31.629475
 649.500000 30.529496
 649.750000 23.020774
 650.000000 16.744224
 650.250000 17.865802
 650.500000 15.035412
 650.750000 18.568738
 651.000000 26.312532
 651.250000 22.766889
 651.500000 22.657117
 651.750000 26.490846
 652.000000 35.849022
 652.250000 32.904517
 652.500000 16.953452
 652.750000 12.838936
 653.000000 27.378272
 653.250000 26.533893
 653.500000 18.794116
 653.750000 20.280301
 654.000000 7.375566
 654.250000 22.511053
 654.500000 31.463319
 654.750000 30.833591
 655.000000 18.422799
 655.250000 15.133323
 655.500000 30.108779
 655.750000 28.355544
 656.000000 14.509844
 656.250000 25.452211
 656.500000 26.723448
 656.750000 25.780461
 657.000000 23.677354
 657.250000 33.502802
 657.500000 31.324949
 657.750000 16.798246
 658.000000 10.714564
 658.250000 35.879802
 658.500000 30.992198
 658.750000 12.874257
 659.000000 19.219787
 659.250000 34.639111
 659.500000 37.402381
 659.750000 37.518888
 660.000000 35.439665
 660.250000 19.136566
 660.500000 15.644618
 660.750000 29.877562
 661.000000 25.525297
 661.250000 25.155692
 661.500000 22.970664
 661.750000 26.734276
 662.000000 28.067619
 662.250000 34.985817
 662.500000 31.977991
 662.750000 33.188685
 663.000000 27.157547
 663.250000 27.473895
 663.500000 32.918904
 663.750000 31.986449
 664.000000 33.321501
 664.250000 34.575108
 664.500000 32.400901
 664.750000 23.618681
 665.000000 15.235983
 665.250000 24.500931
 665.500000 34.777490
 665.750000 25.094216
 666.000000 25.211880
 666.250000 27.087204
 666.500000 34.859722
 666.750000 21.326211
 667.000000 35.649727
 667.250000 34.333059
 667.500000 23.041509
 667.750000 14.539600
 668.000000 32.170201
 668.250000 28.011466
 668.500000 31.611904
 668.750000 30.192827
 669.000000 34.240568
 669.250000 31.843011
 669.500000 24.649893
 669.750000 32.255500
 670.000000 22.715427
 670.250000 13.459984
 670.500000 36.071377
 670.750000 14.879621
 671.000000 19.082777
 671.250000 35.405488
 671.500000 36.132049
 671.750000 24.875352
 672.000000 34.650431
 672.250000 28.612201
 672.500000 27.784501
 672.750000 24.227396
 673.000000 28.634884
 673.250000 28.805354
 673.500000 20.139564
 673.750000 22.561731
 674.000000 31.904475
 674.250000 24.717294
 674.500000 29.204811
 674.750000 26.740943
 675.000000 30.365286
 675.250000 26.001046
 675.500000 30.012401
 675.750000 21.465502
 676.000000 26.330501
 676.250000 4.590326
 676.500000 30.723972
 676.750000 37.395652
 677.000000 16.639261
 677.250000 22.092069
 677.500000 34.123707
 677.750000 21.971162
 678.000000 11.477690
 678.250000 27.017620
 678.500000 31.225321
 678.750000 29.203107
 679.000000 27.804433
 679.250000 33.734533
 679.500000 28.770464
 679.750000 32.170326
 680.000000 17.473178
 680.250000 28.876799
 680.500000 29.781790
 680.750000 27.547649
 681.000000 25.847558
 681.250000 11.442109
 681.500000 17.387459
 681.750000 17.966555
 682.000000 23.794468
 682.250000 26.957560
 682.500000 32.111292
 682.750000 35.885723
 683.000000 20.911648
 683.250000 18.861998
 683.500000 22.009049
 683.750000 27.784034
 684.000000 36.261849
 684.250000 34.942148
 684.500000 33.964580
 684.750000 33.583012
 685.000000 32.659292
 685.250000 28.763596
 685.500000 31.817677
 685.750000 34.198684
 686.000000 29.711906
 686.250000 28.047919
 686.500000 24.255340
 686.750000 31.403552
 687.000000 36.321207
 687.250000 29.205150
 687.500000 20.018969
 687.750000 20.324768
 688.000000 32.662319
 688.250000 35.607909
 688.500000 23.377700
 688.750000 27.981782
 689.000000 27.193784
 689.250000 27.978174
 689.500000 25.987927
 689.750000 27.117674
 690.000000 22.030088
 690.250000 37.030594
 690.500000 37.441165
 690.750000 28.701568
 691.000000 32.833971
 691.250000 20.687415
 691.500000 34.523797
 691.750000 25.934736
 692.000000 33.490502
 692.250000 30.225657
 692.500000 31.619534
 692.750000 23.352995
 693.000000 29.727878
 693.250000 34.747754
 693.500000 32.644348
 693.750000 20.886759
 694.000000 14.962776
 694.250000 16.626498
 694.500000 14.645536
 694.750000 32.182047
 695.000000 29.162333
 695.250000 24.371771
 695.500000 13.048449
 695.750000 7.830735
 696.000000 15.076606
 696.250000 33.707040
 696.500000 23.175549
 696.750000 3.879821
 697.000000 27.344746
 697.250000 22.678159
 697.500000 5.246257
 697.750000 31.623396
 698.000000 28.985103
 698.250000 27.504148
 698.500000 30.866276
 698.750000 27.807959
 699.000000 35.428350
 699.250000 29.989582
 699.500000 30.977255
 699.750000 27.738406
 700.000000 27.075958
 700.250000 25.376105
 700.500000 9.979367
 700.750000 15.820130
 701.000000 14.396312
 701.250000 25.765012
 701.500000 30.639275
 701.750000 33.337642
 702.000000 33.340157
 702.250000 27.219019
 702.500000 25.176272
 702.750000 22.453774
 703.000000 34.733468
 703.250000 18.515484
 703.500000 33.115958
 703.750000 31.218210
 704.000000 29.091241
 704.250000 29.967820
 704.500000 32.112097
 704.750000 24.608245
 705.000000 30.837089
 705.250000 24.560153
 705.500000 13.994207
 705.750000 13.382636
 706.000000 24.676464
 706.250000 22.197317
 706.500000 13.643217
 706.750000 18.673524
 707.000000 36.209290
 707.250000 31.307071
 707.500000 13.815618
 707.750000 13.342855
 708.000000 27.566195
 708.250000 20.156038
 708.500000 32.473633
 708.750000 30.353220
 709.000000 22.913303
 709.250000 35.689773
 709.500000 32.910696
 709.750000 24.216319
 710.000000 16.013928
 710.250000 19.915659
 710.500000 17.824337
 710.750000 15.416473
 711.000000 20.085173
 711.250000 23.288765
 711.500000 26.331979
 711.750000 21.299963
 712.000000 9.037270
 712.250000 13.553139
 712.500000 19.163861
 712.750000 35.652848
 713.000000 30.516188
 713.250000 6.688848
 713.500000 17.710493
 713.750000 32.283717
 714.000000 8.565671
 714.250000 14.514250
 714.500000 30.006612
 714.750000 16.728875
 715.000000 4.195630
 715.250000 22.981216
 715.500000 37.086286
 715.750000 22.273930
 716.000000 9.097523
 716.250000 21.606070
 716.500000 24.882011
 716.750000 18.651531
 717.000000 32.172584
 717.250000 10.458873
 717.500000 11.367839
 717.750000 22.436486
 718.000000 27.297655
 718.250000 17.046207
 718.500000 28.466762
 718.750000 26.744285
 719.000000 26.408380
 719.250000 38.112360
 719.500000 37.121073
 719.750000 26.524861
 720.000000 35.258230
 720.250000 24.553571
 720.500000 21.439630
 720.750000 22.857077
 721.000000 20.554740
 721.250000 23.656308
 721.500000 17.193526
 721.750000 11.367191
 722.000000 16.633819
 722.250000 8.285369
 722.500000 6.139356
 722.750000 10.263969
 723.000000 20.053845
 723.250000 23.667491
 723.500000 25.719914
 723.750000 31.140457
 724.000000 22.900648
 724.250000 23.633430
 724.500000 33.791208
 724.750000 30.558808
 725.000000 24.428827
 725.250000 31.643484
 725.500000 32.752271
 725.750000 17.905494
 726.000000 16.879197
 726.250000 17.165427
 726.500000 33.115246
 726.750000 22.324399
 727.000000 24.352251
 727.250000 19.656541
 727.500000 21.806945
 727.750000 22.700595
 728.000000 29.167585
 728.250000 27.208098
 728.500000 25.981102
 728.750000 21.569078
 729.000000 28.166645
 729.250000 32.011769
 729.500000 19.366138
 729.750000 33.580741
 730.000000 24.969887
 730.250000 20.123399
 730.500000 21.805324
 730.750000 28.600260
 731.000000 29.537584
 731.250000 15.728565
 731.500000 22.597559
 731.750000 28.608266
 732.000000 21.665246
 732.250000 25.995026
 732.500000 23.617320
 732.750000 19.781083
 733.000000 26.278322
 733.250000 21.625613
 733.500000 17.353390
 733.750000 32.621337
 734.000000 19.546678
 734.250000 19.831564
 734.500000 18.461979
 734.750000 30.016409
 735.000000 23.676330
 735.250000 15.754126
 735.500000 31.772023
 735.750000 26.955238
 736.000000 22.671699
 736.250000 11.610903
 736.500000 30.435721
 736.750000 13.027165
 737.000000 24.378435
 737.250000 22.165446
 737.500000 31.217151
 737.750000 10.403509
 738.000000 19.747678
 738.250000 32.414645
 738.500000 33.234415
 738.750000 28.178523
 739.000000 18.473479
 739.250000 15.427408
 739.500000 15.983475
 739.750000 24.221615
 740.000000 26.210395
 740.250000 32.219111
 740.500000 32.135195
 740.750000 25.737888
 741.000000 32.745286
 741.250000 31.878954
 741.500000 34.796307
 741.750000 31.687123
 742.000000 36.446227
 742.250000 35.655749
 742.500000 30.184327
 742.750000 23.586676
 743.000000 25.794134
 743.250000 31.516331
 743.500000 30.264670
 743.750000 28.266296
 744.000000 31.931838
 744.250000 22.423476
 744.500000 36.475673
 744.750000 30.848744
 745.000000 35.919481
 745.250000 32.140530
 745.500000 15.161333
 745.750000 16.394409
 746.000000 27.406653
 746.250000 34.421791
 746.500000 23.791777
 746.750000 37.835244
 747.000000 33.813412
 747.250000 23.818856
 747.500000 29.124627
 747.750000 31.473153
 748.000000 30.398064
 748.250000 36.080804
 748.500000 20.171457
 748.750000 17.622647
 749.000000 17.903056
 749.250000 12.913017
 749.500000 24.407555
 749.750000 33.804959
 750.000000 34.290398
