-0.000000000000000000e+00
2.118983810417491398e+00
4.025820838026502813e+00
6.038257071413322130e+00
7.402495884246433455e+00
7.855093446294181270e+00
8.898358193560744311e+00
9.707050462614558839e+00
1.013168017700775181e+01
1.088484518801467260e+01
1.101911117922908723e+01
1.124130177338196113e+01
1.235390808199882073e+01
1.298030892543268600e+01
1.310961079727595369e+01
1.379441626776790208e+01
1.398750416819250297e+01
1.434096069389560313e+01
1.451176028718610311e+01
1.449835203438938969e+01
1.449767193376848340e+01
1.449390539245060694e+01
1.449315382592480539e+01
1.449254123063549216e+01
1.451990336160780615e+01
1.453421629692693706e+01
1.453379123627424185e+01
1.453031808672002612e+01
1.452757754856460615e+01
1.452524987240207643e+01
1.452468658558425751e+01
1.552628578526762482e+01
1.555528308210228339e+01
1.556153761016290638e+01
1.573701472762869180e+01
1.573998462651159258e+01
1.574316348431905865e+01
1.583341647285957698e+01
1.693418602729456168e+01
1.694037785692324860e+01
1.694625066099331079e+01
1.700688462771883280e+01
1.700652401603453256e+01
1.706905772930159060e+01
1.838053594423271164e+01
1.855268040936864438e+01
1.896844719227213005e+01
1.966267151994935602e+01
1.984908360958996454e+01
2.026122438596866360e+01
2.033454518373730124e+01
2.052295441590891656e+01
2.059610395508052960e+01
2.075178981192898320e+01
2.101211707985591559e+01
2.104564945888278160e+01
2.105926973100836008e+01
2.147696695781370835e+01
2.147665817722598547e+01
2.147662767604342093e+01
2.147647740955923723e+01
2.147659288741259331e+01
2.147661640362165869e+01
2.147652873702273979e+01
2.147650395411956126e+01
2.147644660597796573e+01
2.147645053425508976e+01
2.147640021078431261e+01
2.147646767679148283e+01
2.147623765347159619e+01
2.147616617342813328e+01
2.147612992162682843e+01
2.147602018711944183e+01
2.147622119791723705e+01
2.147597786381975737e+01
2.147593118744698515e+01
2.147601308473407400e+01
2.147610598551903394e+01
2.147616903737305805e+01
2.176668589852695135e+01
2.197006671127255473e+01
2.215952194718636292e+01
2.219931644715271801e+01
2.221316556174317114e+01
2.222434254539996701e+01
2.244342002421456783e+01
2.263791595184558503e+01
2.277600137998086538e+01
2.291449269714351544e+01
2.307376968414270735e+01
2.312002801400065266e+01
2.312500586153571192e+01
2.329675371711629239e+01
2.348312946500178811e+01
2.371372295081602388e+01
2.379967510738487846e+01
2.405427286572802359e+01
2.406047918969775168e+01
2.409263745968622672e+01
2.415874088180518342e+01
2.418518205854385883e+01
2.424185421058122714e+01
2.426135577921954933e+01
2.428825587490978677e+01
2.429212894415661950e+01
2.429470000644850813e+01
2.436748192806992463e+01
2.440202310400350783e+01
2.440415103226038340e+01
2.443294299804459158e+01
2.444117740253597759e+01
2.444506085162876374e+01
2.446962142047043187e+01
2.447179478630727800e+01
2.455881825731923129e+01
2.456019307019656139e+01
2.456580844804105723e+01
2.456651832747616027e+01
2.457020553601465807e+01
2.457898005373632344e+01
2.458341783910465850e+01
2.458549171084716534e+01
2.458695099330310896e+01
2.459076151604355687e+01
2.459163916430722097e+01
2.459202716159737534e+01
2.459297159575976366e+01
2.459339122771270425e+01
2.459424122977115346e+01
2.459480511541250891e+01
2.462769707812633158e+01
2.464550373173705466e+01
2.489064818637280396e+01
2.517732405624179037e+01
2.529426336692389299e+01
2.566655972877802228e+01
2.584710449786427233e+01
2.617397624624800656e+01
2.642352738391412004e+01
2.663081451745682315e+01
2.686821121765153819e+01
2.710607567665587680e+01
2.729136249769539191e+01
2.735343559396046231e+01
2.750208191846926908e+01
2.769765171745299881e+01
2.787449123025213993e+01
2.799650911999175662e+01
2.812662660695109196e+01
2.824888354948881997e+01
2.829364033426903902e+01
2.833514334551511027e+01
2.836208244391706046e+01
2.838917244210617241e+01
2.841037923818633359e+01
2.843552637660635440e+01
2.845037748805390976e+01
2.846625058030843292e+01
2.847997330646153813e+01
2.849737972272022191e+01
2.851841557252101467e+01
2.853289523026835184e+01
2.854901751852039382e+01
2.856269325020369365e+01
2.857042855449052254e+01
2.858377777949170451e+01
2.858874356925531046e+01
2.859786293799198376e+01
2.860390116660276050e+01
2.861693630017637346e+01
2.874614725700368112e+01
2.888747574688758135e+01
2.909118145163901659e+01
2.921724003833368499e+01
2.933416892599067083e+01
2.947288976877909406e+01
2.959493377381133428e+01
2.963601407973200352e+01
2.965365123698190786e+01
2.966894495809851051e+01
2.968352897976262028e+01
2.970349541503839674e+01
2.971411941629234832e+01
2.973850104957980278e+01
2.975793457295560529e+01
2.977646814654441698e+01
2.978551112843384985e+01
2.979393781034142208e+01
2.979774873260495838e+01
2.980466900579512313e+01
2.981021243002679100e+01
2.981339822343988999e+01
2.981619933030195213e+01
2.981921927963982100e+01
2.982117395515813030e+01
2.982638465543874418e+01
2.982723494186988589e+01
2.982925603322700425e+01
2.983026814195578069e+01
2.983101408249103770e+01
2.983773176452736209e+01
2.984371518583778737e+01
2.985027074218185561e+01
2.985341415140864285e+01
2.986538973573708944e+01
2.988447831929654797e+01
2.989218612322714463e+01
2.990377983513875293e+01
2.992769132972360069e+01
2.993497656017839859e+01
2.994438493180372873e+01
2.995208282377281961e+01
2.996458552224147454e+01
2.998069747865543277e+01
2.998595642143873619e+01
2.999048947058066972e+01
3.002573026068024120e+01
3.003304986367188079e+01
3.003611199369537843e+01
3.003865444366448045e+01
3.004013995684742966e+01
3.004147050642109207e+01
3.004154455054950645e+01
3.004253532173249752e+01
3.004463372623228778e+01
3.004497765822964084e+01
3.004537167929910169e+01
3.004593570145222614e+01
3.016018236516799789e+01
3.025273720836237246e+01
3.041956595288670684e+01
3.056321452820706597e+01
3.078663264735731886e+01
3.090778573218977243e+01
3.100214564534957162e+01
3.104947784794079624e+01
3.105549183239907407e+01
3.106614447906625287e+01
3.107520463081329254e+01
3.107604156568645237e+01
3.107732854646066301e+01
3.107778863666593239e+01
3.107844544863621294e+01
3.107878688810518852e+01
3.107981288643367890e+01
3.108028148106260247e+01
3.125902496745748493e+01
3.126553364901562659e+01
3.127250008024927297e+01
3.127894685593464530e+01
3.128287210969434540e+01
3.128512371602612419e+01
3.128696301039898131e+01
3.129215913888985057e+01
3.130313817014857847e+01
3.130543469289727554e+01
3.130776364025374292e+01
3.131188496882245076e+01
3.131409300077059754e+01
3.131598094034336555e+01
3.131704510035385525e+01
3.131761080971958577e+01
3.131805811320231214e+01
3.132094015157110078e+01
3.132444807665613240e+01
3.132669527682990562e+01
3.132798172903010681e+01
3.134379662920978404e+01
3.134607758147557988e+01
3.134725116310132620e+01
3.135722216477038060e+01
3.146537444085317858e+01
3.172111304799253162e+01
3.173821728654125351e+01
3.173947942655911802e+01
3.174060091823918484e+01
3.182915909637877405e+01
3.203672270795603083e+01
3.216702050164902005e+01
3.216992063066889784e+01
3.217083715299374092e+01
3.217151622547957857e+01
3.217257417099821026e+01
3.217490807423953925e+01
3.217996599778771838e+01
3.219951185941372529e+01
3.225999356070219193e+01
3.230507892125571345e+01
3.230764219369061152e+01
3.241343303557977151e+01
3.255762551407667615e+01
3.271849554933902482e+01
3.279963834210832374e+01
3.290294242020276272e+01
3.302862594960274834e+01
3.306562407894609379e+01
3.306776109829897337e+01
3.307119140889086850e+01
3.307663310235746934e+01
3.308172784738291483e+01
