2.222222222222221877e+00
2.211045897395997883e+00
2.193025228641741098e+00
1.776855051212969050e+00
2.222222222222221877e+00
2.207310085621415841e+00
1.787110020566802016e+00
1.856171318244854040e+00
2.180879250923732915e+00
1.953788798766529000e+00
1.757116472648829086e+00
1.531638816420747951e+00
1.410763353952958044e+00
1.644478020469674950e+00
1.776121018528403983e+00
1.742098669583193038e+00
1.389948583189837050e+00
1.428620638372728902e+00
1.517165967927859072e+00
1.426086602844939044e+00
1.172856215990335960e+00
1.495586621111101966e+00
1.475442786844676890e+00
1.161439837486895055e+00
1.401665709544509975e+00
1.147821789445164997e+00
1.156679010174257005e+00
1.350853720398188074e+00
1.236097379089351023e+00
1.344589222714958066e+00
1.376820609264977069e+00
1.159586108387508974e+00
1.003817226375026017e+00
1.627802781181918013e+00
9.690036354995540391e-01
1.109566168574072087e+00
1.107658256934642926e+00
1.061488760315097091e+00
1.094972021118177929e+00
8.754244993048611034e-01
9.238673461464944614e-01
1.003254216206423965e+00
8.367085797079331089e-01
8.981966396963856347e-01
1.073291436143668953e+00
1.270404948348573981e+00
1.718596398827340055e+00
8.977034435613652219e-01
8.189139113941673598e-01
1.005833210087107910e+00
1.122471452386363033e+00
1.143724220659134927e+00
1.065447594317515900e+00
1.093416626334176023e+00
1.079260031560042021e+00
1.005031819365453938e+00
8.694165611891000456e-01
8.457316138780816006e-01
9.600546571453004718e-01
8.420116064761776764e-01
7.216442022106931420e-01
8.565626870570045570e-01
6.861503327011596598e-01
6.791278393041827455e-01
9.984452720708910656e-01
1.436390496368578962e+00
1.020144088830934104e+00
7.972978692809226109e-01
6.808049122297639144e-01
7.372509299820200201e-01
6.809513446497600375e-01
6.068813492176767799e-01
6.411313121902271206e-01
6.280758522944264177e-01
5.950313274649257078e-01
6.554493892349763096e-01
7.075918532348429713e-01
7.168640317363399461e-01
7.194193177998496891e-01
9.075043897669045068e-01
7.069304877206749049e-01
6.618182406014678776e-01
6.971182119705909841e-01
1.060807993272385064e+00
1.047937899169457010e+00
5.933739555808942301e-01
6.065488198638149253e-01
5.863114445660494445e-01
5.750544011718189408e-01
4.979803814915154114e-01
5.223734951314746855e-01
5.996759870128949288e-01
6.804235966627611987e-01
4.560213697275360967e-01
5.772236211101527958e-01
7.707294277161187424e-01
5.748882553524982120e-01
8.012542691544258799e-01
6.614543875653630112e-01
6.116708947614940550e-01
7.806993848219369037e-01
7.956945566826434391e-01
6.483478401147209080e-01
5.472269134897044252e-01
5.070816816973811036e-01
4.824878427788573121e-01
4.250459230042997194e-01
5.215165119238597269e-01
5.734634978819875828e-01
5.055564679695365715e-01
5.400742977160378766e-01
4.543266611528474219e-01
5.080467166303361815e-01
4.294372831868183971e-01
4.586240798078755065e-01
4.892543727866360825e-01
1.178444624744436897e+00
1.027459921524036091e+00
4.775968614686306180e-01
3.556470147694538175e-01
4.537281462238311747e-01
8.158076841229953136e-01
1.215093547536366003e+00
5.295020647749779652e-01
4.064184111646794162e-01
7.001574886946478893e-01
4.284538702116064135e-01
4.110011100839626175e-01
7.854203948017405290e-01
5.222936148303066739e-01
4.096519146633544883e-01
3.994330783644561844e-01
3.833966570763958082e-01
4.153919146658626160e-01
7.708148858224910249e-01
1.073553775896860962e+00
4.057114152025713127e-01
5.601252729061244606e-01
1.698517372471276987e+00
3.731227958280384782e-01
6.931996861689898592e-01
3.931038891293818782e-01
8.260568195020767668e-01
7.431382637976694516e-01
3.695430984482919179e-01
5.761014387532591430e-01
8.479155465677131742e-01
7.373610186803506439e-01
3.998680008141938247e-01
4.931352571511473104e-01
3.342032962712103150e-01
3.468300077869316267e-01
5.862136950478114006e-01
5.217804601748347038e-01
4.212163363235860158e-01
7.714718589821354389e-01
4.422428873153246842e-01
4.671739013137626850e-01
6.244659861438900395e-01
4.247477447675133133e-01
5.098014048745256321e-01
3.145720513487397785e-01
3.082235478147705154e-01
6.319047955585932463e-01
4.027040276820545994e-01
4.391504181192967260e-01
4.740373171901878790e-01
2.973651140425291883e-01
3.949520644255911095e-01
5.695543004703964574e-01
4.435249490064793187e-01
3.256560525243131776e-01
3.129212907200306093e-01
3.573034886703950752e-01
4.772704262309490075e-01
2.714924169801877230e-01
7.517181495495068866e-01
2.964212514353229966e-01
3.172745214688865167e-01
9.636163204774612634e-01
6.302663747819294837e-01
3.254398601609226893e-01
3.214069136662603965e-01
1.533522619805135934e+00
2.222222222222221877e+00
2.222222222222221877e+00
2.221132171169554859e+00
2.210348233735010215e+00
2.165646219399650185e+00
2.086142245664877937e+00
1.723535761231169028e+00
1.838264037846268018e+00
1.947826022616836017e+00
1.808590856686012049e+00
1.401751620730393944e+00
1.394893009679103901e+00
1.356219033894255022e+00
1.358410544613602999e+00
1.542281791206044916e+00
1.297104997042415109e+00
1.805537696860564090e+00
1.171747319771359042e+00
1.364676095339770967e+00
1.405605816597244040e+00
1.041197532116205027e+00
9.323157190597824995e-01
8.704664765095543322e-01
1.057472940306193099e+00
1.031400931637961982e+00
8.438768368637999950e-01
8.316662461636766812e-01
1.257830468061559959e+00
8.805702595834971058e-01
7.849950047035507694e-01
1.215633540610149943e+00
8.469749721703611067e-01
9.606220694975169394e-01
7.771025444289103579e-01
8.269671012838687441e-01
1.092470637147471946e+00
7.179957504091289966e-01
9.050639867226090152e-01
7.030430565549687927e-01
6.330361441802101474e-01
9.435339115328799098e-01
5.870120542011512121e-01
6.404607535786152051e-01
7.527397171025637101e-01
5.432001687958288860e-01
5.302882971741311735e-01
7.728387325125426477e-01
5.601240062866812419e-01
6.274534063324006539e-01
5.388114101595996575e-01
1.698200007065548078e+00
5.233745960170675948e-01
5.926905482403552750e-01
1.716560012707079030e+00
5.224535800591475487e-01
1.887052873925386898e+00
4.142804541377825833e-01
1.159619495482997031e+00
6.164025774103714106e-01
5.075977635848820668e-01
5.334568319006277592e-01
5.132017819537986192e-01
3.982288177014883246e-01
4.320779560734924196e-01
4.834469961185194897e-01
5.489311553217819384e-01
4.339018145897868828e-01
4.929637707270360103e-01
4.264099367697453125e-01
5.606784656716322646e-01
4.157304192665938758e-01
3.892221355869672772e-01
6.383466770397462353e-01
3.527627263460020868e-01
1.065287542682149979e+00
3.426973602083018822e-01
5.906221825778580348e-01
1.161216021642905050e+00
5.211890290842008389e-01
5.824217329872811710e-01
1.039806896521273005e+00
3.980776887862257918e-01
3.341755068906013260e-01
9.427039968899729727e-01
3.195691496551816835e-01
6.700707964065444333e-01
1.030231037332894894e+00
2.805612679568800227e-01
1.310944842159887047e+00
4.008378104237267925e-01
1.039272575188413983e+00
7.342931417014519901e-01
4.856426186201450168e-01
1.394376983167525896e+00
2.459624813011500044e-01
7.096069659868475821e-01
8.635221467233915593e-01
9.317134486488046763e-01
5.206567462848173955e-01
4.926123482728116953e-01
7.859974443615683759e-01
5.069647002687283077e-01
5.738538894188627282e-01
6.349528978674984225e-01
3.814837855933225774e-01
5.666234900805823260e-01
7.737036938177866974e-01
3.952519181289140815e-01
7.787306875427121300e-01
4.366137889053143262e-01
6.184904304814039522e-01
3.786310198921374881e-01
2.875489455086037149e-01
1.354469215160843953e+00
5.957093339437530277e-01
2.228764763397209081e-01
7.775813158833060346e-01
3.084565445005703066e-01
3.805211515186984750e-01
3.746228820207858079e-01
2.622214585408662035e-01
5.290002035506945477e-01
5.659074253076237238e-01
2.616293738985929762e-01
5.982366215407659560e-01
2.688158099869181195e-01
2.302277392281804891e-01
5.472235869968196109e-01
4.008971426011804784e-01
3.008682670017603922e-01
7.004422339288297605e-01
2.604532191401576768e-01
4.411150559541912042e-01
5.062766938911270609e-01
5.517029702686977455e-01
3.045144609874064767e-01
3.214318551925859913e-01
2.404817500252836027e-01
3.616733607814618945e-01
3.202425126298593105e-01
3.667132598942747235e-01
2.918745264210350077e-01
7.206363269955874395e-01
2.531198840134011863e-01
3.306942001756136840e-01
1.071992391104078068e+00
1.048641829905752942e+00
2.448175227024214917e-01
1.007246183707624088e+00
4.614527437316400804e-01
4.427266914342817272e-01
8.209253485857485044e-01
4.420737872531210755e-01
3.927022123984735269e-01
2.225034374582297025e-01
2.070768136081038990e-01
2.563044276758492113e-01
2.120595748196135999e-01
6.971017846003232377e-01
2.374222346155829000e-01
3.382396595029145137e-01
6.868144458250708961e-01
1.933032018841180921e-01
3.491489465219574928e-01
4.621175861426556897e-01
1.952365900171258994e-01
4.214362730792461931e-01
3.463004309578462947e-01
5.079227082782724612e-01
3.210355555354583723e-01
2.094527007386134121e-01
1.993678399152961078e-01
1.864919872820277047e-01
3.273919035143590950e-01
3.865665400443011879e-01
1.847826776670015991e-01
3.919867585139483745e-01
4.917391447767400781e-01
5.390315200887314528e-01
3.243750457855826830e-01
4.085936380230397180e-01
4.001482646971630253e-01
3.413178725698746141e-01
2.771501072959811074e-01
2.330357500096154055e-01
3.127739730952944774e-01
2.689821762300271812e-01
4.114372490487159806e-01
5.827835269974418475e-01
4.358768468736011203e-01
4.299623490841040230e-01
2.844261974972094875e-01
2.504055307007275188e-01
3.719664821773833174e-01
1.458944913711940072e-01
2.480696258757036921e-01
1.677868515732874877e-01
7.447260987880350847e-01
3.464487355812433944e-01
1.540328308977539917e-01
3.063726575531581231e-01
7.692424817892040689e-01
9.060798706848570694e-01
2.505796819245508789e-01
1.874519188968208017e+00
1.544356228652944973e-01
3.201464765953854208e-01
1.113085007871079002e+00
3.964245800743526060e-01
4.687149482859742089e-01
3.936911662160262892e-01
5.523483260062612699e-01
5.394527598345866259e-01
3.540494983648970750e-01
2.845305688127527932e-01
2.320776054287916890e-01
2.928445348175313101e-01
2.618742461129152099e-01
2.913131129819581111e-01
3.016914064937022966e-01
2.424580960149237963e-01
1.743405334770679049e-01
2.613383964416418070e-01
3.192215539767470078e-01
3.490865806928806214e-01
2.641404835420904096e-01
2.166237722203488980e-01
2.381673210750213099e-01
2.088592375297516901e-01
1.927221703612169990e-01
2.134987454421636011e-01
1.771761566132493970e-01
2.841881790087841253e-01
1.859766093600696002e-01
1.764133118730693006e-01
3.288707016501247193e-01
8.223755354898185654e-01
1.683675483043085008e-01
1.431201937123325052e-01
1.390859959887781050e-01
2.921752295981860925e-01
2.175657656654298999e-01
2.604146071926091155e-01
1.724224981179333094e-01
1.294384746745473880e-01
1.290114826138988036e-01
2.131104637575740035e-01
4.622880831047093131e-01
2.497006583471516050e-01
3.341129530700728267e-01
1.957258959284620126e-01
1.981499906860343940e-01
5.739667411306591527e-01
5.129121782875298852e-01
3.196497459024815191e-01
4.764393726100292770e-01
1.217938138831377026e-01
1.887009926646054936e-01
1.958345047256684068e-01
1.308706007786402947e-01
1.438013158124377966e-01
3.626555396085832106e-01
4.202702259814530827e-01
4.017214110446499231e-01
1.242876512365443942e-01
3.731469208955524031e-01
3.242115829309374919e-01
1.728383247976007953e+00
7.792299120719765604e-01
6.914532362606214955e-01
1.484061438385767984e+00
8.055731088240883908e-01
4.952275232882656919e-01
2.767711864299816082e-01
1.415025422288165968e+00
7.880271097895886756e-01
2.793126968653654174e-01
2.690151221197131237e-01
3.265317745938329241e-01
3.086829600844259724e-01
6.825039920397690807e-01
2.940802832180344217e-01
3.389702709658304891e-01
3.744934999799718889e-01
2.539556994536878998e-01
3.441319547059845108e-01
6.143718794840310471e-01
4.874893918398711112e-01
2.480765538294618100e-01
4.541129943176572814e-01
4.469371142641712091e-01
7.048246210542994383e-01
3.311531829879730271e-01
1.082349941731977960e+00
6.135414508987440119e-01
4.366617693134763889e-01
6.335501928225718560e-01
2.723133568080126077e-01
4.270055934049714064e-01
3.360771800939300058e-01
6.916757399929287509e-01
4.630829055089831225e-01
6.379502686384527221e-01
3.951355190773732096e-01
4.432377742906172813e-01
4.378739277521220274e-01
4.804608477927714838e-01
3.645650303269685200e-01
2.793158083656018809e-01
2.948122928963716749e-01
4.059182178277180864e-01
5.336927530537174391e-01
1.059116068757798956e+00
1.028567980344790911e+00
8.609636503549948916e-01
3.102889650745613848e-01
9.585539158436189311e-01
1.007977052134165996e+00
1.296263467068488051e+00
1.089028260995823061e+00
1.014007328549398013e+00
1.375010319487981914e+00
4.453029831207214184e-01
2.787781161150996723e-01
1.242528778096422926e+00
2.965971744230425089e-01
2.464545080938186916e-01
1.186309500752402935e+00
2.074755342006414094e-01
6.896437501618196686e-01
2.408887563967601064e-01
4.774312879426578782e-01
6.779667245863191249e-01
3.680520691253560961e-01
2.682720754047074885e-01
7.996969586285184173e-01
8.988365297854622460e-01
2.495375870718173905e-01
2.837728328659289145e-01
2.971114108020672107e-01
2.960395243554569955e-01
5.102763964770369309e-01
3.244988847266617182e-01
2.583760104974618943e-01
5.386820462316799230e-01
2.645692529005538862e-01
2.085322069177145132e-01
2.883368416294849190e-01
2.273604004526625089e-01
4.580712428358634791e-01
3.104950492531016737e-01
2.228675123767646926e-01
2.983462743849550902e-01
4.517145010801633109e-01
5.157964456254986452e-01
8.374588289939915997e-01
4.836097513576749218e-01
2.106661417854152896e-01
7.238971907838521735e-01
2.122952357783947086e-01
5.141824217613201187e-01
2.895708142134303942e-01
2.462575897853855056e-01
3.687982641219477165e-01
2.448590873433378057e-01
6.346454121059470488e-01
2.009152969463257055e-01
3.436002287129443777e-01
2.004611877242409024e-01
2.792196010198321199e-01
2.063466065870085964e-01
5.975011863050647687e-01
2.034440445292304001e-01
2.034112578536846072e-01
2.130612492398145097e-01
2.303244505071677939e-01
3.518789476378478831e-01
1.811714754230543123e-01
3.164498545418004127e-01
2.532988634024679886e-01
1.817318081418649867e-01
3.075171470819286768e-01
5.177588775816615030e-01
7.465411979001705944e-01
1.909432024821685892e-01
1.942002240243874134e-01
6.275197533319486487e-01
4.155915595758806758e-01
7.701275544353811675e-01
1.875650653622016883e-01
1.042242803043160970e+00
2.222222222222221877e+00
2.222222222222221877e+00
2.221046620858401877e+00
2.199769189079943121e+00
2.140166151391570182e+00
1.971496348147117050e+00
1.710668123302061971e+00
1.624016203411003056e+00
1.978506572024032906e+00
1.748524699381514003e+00
1.561877941608915910e+00
1.345285751790000983e+00
1.243516388104326964e+00
1.309641161849852020e+00
1.217620313343285909e+00
1.290150953720603066e+00
1.140246043552828992e+00
1.153670196255816016e+00
1.493645171087107038e+00
1.422454738758023085e+00
1.145670262746578016e+00
9.946654820250074858e-01
1.210650108756939902e+00
1.306114300488756985e+00
9.786317382829609057e-01
9.797418975426066545e-01
8.741977904545070732e-01
7.588634361687282004e-01
1.723443399870804971e+00
7.360654992923927331e-01
1.673951830333370916e+00
8.021108138591435122e-01
1.645457640716500913e+00
6.374579613866981909e-01
1.209609462606594965e+00
8.349259686775982736e-01
1.283945085781597051e+00
7.290913473171887205e-01
6.175202943842844627e-01
7.400084481023554428e-01
6.163933153738684334e-01
5.349185220994405743e-01
5.091340507645841784e-01
7.027751138572486678e-01
6.274534934385138651e-01
5.243091394649707082e-01
5.426281707254005937e-01
5.963712460641542590e-01
5.892504251658888803e-01
4.572530548351694257e-01
5.690487648071873572e-01
5.571867659217378810e-01
4.587597727755630128e-01
1.465524326727098980e+00
4.579209706113518963e-01
1.519206013603114025e+00
4.449969217249412079e-01
1.219080468096825909e+00
7.685987965599332394e-01
1.017632840609761002e+00
5.559077544905689505e-01
3.957815217748664183e-01
6.475837635822438987e-01
8.245626839572683942e-01
7.416607536768460296e-01
1.214022946378138013e+00
7.823405513835728353e-01
5.334284887392817254e-01
1.044714210117023923e+00
5.670857212956131876e-01
1.184323661159758068e+00
4.396349710497163832e-01
8.301313301825228308e-01
9.209803430039713579e-01
7.309189749035993611e-01
7.080080243442776755e-01
5.465386881876822533e-01
5.310191500237265716e-01
6.020683849915544616e-01
5.363183281962338178e-01
5.611383312570201731e-01
3.544526334639809262e-01
6.093500112653373879e-01
8.823155478158861698e-01
9.095613234915143064e-01
8.354140024713969659e-01
5.647424877142579458e-01
1.200667856907503994e+00
3.659848413975080872e-01
7.611515782589801660e-01
7.609791474412350709e-01
3.975950588347761938e-01
1.097461419051046994e+00
3.961533981829744033e-01
5.115561286116522277e-01
4.276724083547469024e-01
3.045582750717125142e-01
3.497937287648579807e-01
5.492776391620876053e-01
4.812792104555811967e-01
3.519226719714982909e-01
6.441502796302736034e-01
4.836375004874732264e-01
6.753352808613213298e-01
9.428075991586637450e-01
7.279031196556089434e-01
5.524765736712743402e-01
7.337154571813739867e-01
3.586144216922301786e-01
4.820351784264513273e-01
4.789004998435296145e-01
4.660018825601907055e-01
7.527427105373438732e-01
2.917538842184591030e-01
5.256371387615177415e-01
2.921104626003002136e-01
4.792721214743985159e-01
4.353302183335249209e-01
4.631426373685001985e-01
3.903637278122786269e-01
3.519160890743778247e-01
5.163774943814418705e-01
4.159591471629335846e-01
4.111341536721335732e-01
5.121762583910293154e-01
3.244015793661805258e-01
2.820832508367622227e-01
2.576969939840049184e-01
2.650936107225835836e-01
2.345005619055942903e-01
7.183024399313164832e-01
2.322787905117255913e-01
7.246980935175738603e-01
3.726763943558205061e-01
3.299406624681476830e-01
4.354387241233925732e-01
3.710537663227195804e-01
2.968060183200653124e-01
2.572511910091834775e-01
4.502910175933890757e-01
4.813478583991248061e-01
7.858099109052217868e-01
2.034148193857497067e-01
3.306521561873809745e-01
3.278199269552766193e-01
2.603461355845995140e-01
4.786503887207240737e-01
1.006477007821400038e+00
7.003552772673619087e-01
2.331160080938667056e-01
6.448099119301452520e-01
2.659687107171366804e-01
4.526050119858074927e-01
2.478552024423388012e-01
3.701800891683698080e-01
1.268560087691577021e+00
4.085523716770749214e-01
3.260262407553922159e-01
7.139387920340809490e-01
2.421536058469850872e-01
2.017043236584966925e-01
2.541624100994885893e-01
2.769951413843020904e-01
4.502823811524597208e-01
3.909646768615041013e-01
3.074267697017828982e-01
1.961239333081372938e-01
3.005267381144290928e-01
1.958371206805447906e-01
2.436743270652217963e-01
2.916231152172101826e-01
1.762890235170536113e-01
3.085572938151537881e-01
1.805665079203079004e-01
3.977563101728490147e-01
3.619306120767861179e-01
1.796396949257174913e-01
1.932004203720333879e-01
3.720666049185876734e-01
4.069127862630543269e-01
5.312673799914434669e-01
3.757916889414166794e-01
2.743260489226910237e-01
4.560279572238666868e-01
1.866201805384881118e-01
2.564269637312602268e-01
1.519616036625262012e+00
2.179379957560111936e-01
3.936133956925477739e-01
1.842046204741849991e+00
2.196082668805253990e-01
1.539081204306954054e-01
3.104964875069933794e-01
3.161191020469291124e-01
3.213193660466501789e-01
2.172874505781272891e-01
2.587309969870681958e-01
3.061151731762720152e-01
2.559869066372794100e-01
1.638214806266740098e-01
1.741421943774097980e-01
1.848742378490330074e-01
1.602248926476692870e-01
1.549159473666384956e-01
1.783643280286227872e-01
2.474863484168476069e-01
4.691928880183687811e-01
3.206492063268576165e-01
2.844224639009715894e-01
5.635462061725013960e-01
2.523633028174124826e-01
1.749813441669023084e-01
1.848347698122911886e-01
3.775303954150138197e-01
3.773450088108105116e-01
3.599551102444680240e-01
1.774647471173204094e+00
9.737887509241723860e-01
2.437275964853931054e-01
9.805083966655758765e-01
6.422221520650083226e-01
2.692060504147028022e-01
2.724798172437505883e-01
7.979998096079311543e-01
7.254854690722872812e-01
1.971247007759270864e-01
2.057699297008830086e-01
4.098317180922984027e-01
3.028148964835162826e-01
2.021630893514499983e-01
2.183515783722256021e-01
3.170431515020871172e-01
5.218841031897138993e-01
2.101163824557248927e-01
5.260713185628695943e-01
7.491701229432171649e-01
5.931496512534890631e-01
1.957966290073097915e-01
2.576305672581984951e-01
1.070537996141827985e+00
2.392424749838905906e-01
2.886933278129267255e-01
1.849469086084269132e-01
1.777366665308270921e-01
2.437086372801134937e-01
1.875166428396514984e-01
2.606562191103294901e-01
2.285900049073464058e-01
2.708634381978005101e-01
3.257790857184377775e-01
2.736390499076679084e-01
1.538710990507035081e-01
4.179042806571980906e-01
3.311484745977428812e-01
6.585539218965806851e-01
1.712660467487764071e-01
2.085947774920015874e-01
3.351928603810637175e-01
3.604371600072979742e-01
1.550975578596489879e-01
3.375312851749007192e-01
2.637947363418179925e-01
2.719140958236839212e-01
2.047239544894912944e-01
2.549132651670654726e-01
1.975676132807067109e-01
2.045906246321056998e-01
1.385804885732533909e-01
3.312900833387090183e-01
3.606840470723503000e-01
1.881191344381850095e-01
2.401591691270600071e-01
3.222328684404832111e-01
5.675817391265790546e-01
1.070192266693996030e+00
4.723195799485668811e-01
1.697816578430121071e-01
5.689595564136660233e-01
1.537422943504949957e-01
2.088759892792637074e-01
1.215905265284888070e+00
2.027201755126329941e-01
1.653673518112933061e-01
1.515572483015817096e-01
1.335356158143601868e-01
2.480491893622099875e-01
5.605069822851025396e-01
3.123480098448109255e-01
8.228822306002326892e-01
2.567560923105238757e-01
3.938167724074285170e-01
1.877592317714291137e-01
2.766121021423100790e-01
3.213222503046563872e-01
3.901951474716098267e-01
2.229102128814280104e-01
1.733149106265934047e-01
2.846705754639725083e-01
2.481413824597832884e-01
3.990626453491591952e-01
1.004688348661775033e+00
1.795717993745981067e-01
4.134411973082499081e-01
4.140449745257800962e-01
1.773769543121893055e-01
1.358450922112522941e-01
1.505328705384365029e-01
4.325386117232546956e-01
2.012824313185453129e-01
2.037202461403340992e-01
8.488992987039976068e-01
5.232748072447789278e-01
4.863407737125122754e-01
1.593161847160138866e-01
1.031684295819881969e+00
9.756068662058205998e-01
4.000560936768404185e-01
1.927202491019323061e-01
2.403256898507598882e-01
4.369089887629437063e-01
2.035885185223811067e-01
5.445803973341413196e-01
2.394020114124869869e-01
1.725267182357508033e-01
4.708700473598056990e-01
1.734653471176975104e-01
1.293726228179838122e-01
1.166703259713517959e-01
1.191738633484838994e-01
1.464744056487148893e-01
1.648517967396671002e-01
3.055284368918166904e-01
2.119658393208445069e-01
1.876931406346543096e-01
1.470414136181945053e-01
2.427949123315200075e-01
1.886378411231074137e-01
1.474036079035956903e-01
1.757933312138242887e-01
1.773368248168344929e-01
1.634552597586411138e-01
1.421971840534290987e-01
1.420223988556151007e-01
2.278820332592590980e-01
1.600240515053922008e-01
1.652233581773548954e-01
1.511669945026513917e-01
3.168721213730528175e-01
3.301653475834466223e-01
2.668286757327069103e-01
1.783738621135874114e-01
2.917904586974772729e-01
1.336516058159150089e-01
2.512019803079916236e-01
4.631811683782541822e-01
2.728731589870628804e-01
3.596706424408027125e-01
4.711283891213052244e-01
3.376547753380019223e-01
3.494321526329178251e-01
1.164214916993007026e-01
7.854949121500870435e-01
9.941699013248697092e-01
3.293322372098729245e-01
2.060899414910782046e-01
2.113555896535755096e-01
1.446703811268635897e-01
5.400031086189152063e-01
3.692551072468450157e-01
3.115614608550663078e-01
1.648146343141317915e-01
1.425346867853166111e-01
1.293119676151195940e-01
4.539128668799357058e-01
2.573554766563340146e-01
1.426439640206380866e-01
1.502333196639653867e-01
1.095234873828296041e-01
1.149303561933178036e-01
1.303991764812094112e-01
3.555660348407350124e-01
3.916603588614457898e-01
2.120187214602629877e-01
9.475276917736730198e-01
8.556972532558962952e-01
1.094142814665628044e-01
3.591395454516539965e-01
1.080909449664765987e+00
1.831032002197862940e-01
1.015292522646348949e+00
7.197753015278867128e-01
2.550043372004763276e-01
1.028082939443806909e+00
4.550728916890935949e-01
1.412197861034883983e-01
7.525733750239579356e-01
1.180481565632331004e-01
4.420591813158841754e-01
1.809109022107217024e-01
2.611940503285541948e-01
1.112066573739833031e-01
2.484614838427106065e-01
1.577887978814775105e-01
1.356063147787665013e-01
3.590266932896761798e-01
1.704742498113231974e-01
1.614557150993934098e-01
1.190939267281550945e-01
1.044100327196270939e-01
1.566972560500395073e-01
3.896775458151849891e-01
1.421859683599683011e-01
1.388637338398316101e-01
1.499068349216831075e-01
1.260295834662170933e-01
1.313518311894630031e-01
3.002767807234701936e-01
1.922630835661759130e-01
4.933070730870374176e-01
5.981729607786385738e-01
2.240967839391549976e-01
2.142913965629386075e-01
1.821052595570289978e-01
1.855355696048560932e-01
1.286863251774859052e-01
1.288473996912876118e-01
1.432986060150847063e-01
1.363325730727353025e-01
1.306435382478602913e-01
1.699696911212305039e-01
1.926691993110699053e-01
2.224911761207248873e-01
1.760052283475193879e-01
3.476714252880033773e-01
3.618758093727855729e-01
1.070544141354010936e-01
4.896127891729298853e-01
5.804423328600962773e-01
1.814410751202747973e-01
1.412675315678718069e-01
3.575409631362017060e-01
1.022664893034837957e-01
1.589953158639378916e-01
2.317858394864477090e-01
1.316472692178868864e-01
3.342515087159229070e-01
2.733761470867375198e-01
1.513145771630566072e+00
1.801319545018859880e-01
1.969975159683987898e-01
3.901774374372036225e-01
2.119283832961768033e-01
1.546526190642454890e-01
9.989502872867324357e-02
1.284701489295496935e-01
1.732662510806139977e-01
2.419492223617897009e-01
2.363739090929322939e-01
3.027642592240515906e-01
1.185468234630873974e-01
2.168979351771438968e-01
1.725734968681088000e-01
9.974074755003360659e-02
4.148339721145503090e-01
1.124662309931866999e-01
2.627961350298498866e-01
2.028803963152971124e-01
2.499149146687673073e-01
2.105041184595881909e-01
4.181497766920708181e-01
6.432481955175963773e-01
4.243602380878869762e-01
1.980657911719899966e-01
3.707094855929696786e-01
9.835163242004679729e-02
7.581618454511264149e-01
1.116481096959343056e-01
1.379930353001649068e-01
3.533959104265064211e-01
3.766994681442544790e-01
1.070214708719380958e+00
3.122984712058962109e-01
1.436992509505944093e-01
4.893262152499471829e-01
4.292421057058153910e-01
1.941077708549795999e-01
1.369668395646432002e-01
1.025526944808241997e-01
2.822727922248978727e-01
2.235506407907527915e-01
3.222795906732027205e-01
3.399583326402059735e-01
3.993203757043983781e-01
1.280333625028562961e-01
1.015296543169176974e-01
3.131029835558299945e-01
3.338070028316328930e-01
3.761026332987256193e-01
3.412788762478319859e-01
4.937290224396371219e-01
3.513324965653312204e-01
2.450162302306951867e-01
1.160124137969850977e-01
1.122163065460193010e-01
2.812050131256791929e-01
5.017081078048275522e-01
2.311352416269358001e-01
1.039804888685983975e-01
1.058962864961194988e-01
1.874199455246015056e-01
3.307132897752764755e-01
2.980121763662624823e-01
2.063981514836960018e-01
8.802499123520836355e-02
1.083388202059391986e-01
1.243613056900701036e-01
2.254260425633622944e-01
1.706451547704747884e-01
6.305922666832921575e-01
2.718032163557599912e-01
5.936278520567794814e-01
1.388574491596842875e-01
2.123598437963347130e-01
2.684287521964687784e-01
1.304716316085965111e-01
1.250496624906267951e-01
9.855124203747479827e-02
1.483293835757077128e-01
2.157153272677889977e-01
2.301815881540927866e-01
1.590319167640978915e-01
1.621014333742513136e-01
5.985727184879138241e-01
9.842306352285348781e-02
1.012874537787559065e-01
1.511396890931474002e-01
3.922007440314377869e-01
2.012156613385568948e-01
1.110026118852296961e-01
9.829195691213470087e-02
1.073034484393037974e-01
1.536368197031859062e-01
1.526775019233775066e-01
3.807489336917165845e-01
2.564117908924412048e-01
9.178084736159407286e-02
7.078952490894193650e-01
1.844790287979848897e-01
4.739292280129003831e-01
3.889303883543436258e-01
2.172807957657318101e-01
2.633812944368648101e-01
2.667968567651707867e-01
3.723249227775818904e-01
2.879372775510458116e-01
3.085856646494617994e-01
1.829933330527253044e-01
1.003916666315640971e-01
1.304978855590001041e-01
3.725308611259656733e-01
8.703239451945112004e-02
1.618056895503252879e-01
4.991733477602552926e-01
8.585452782421054696e-02
6.820154376281936104e-01
1.460935752694408896e-01
1.150867675674511981e+00
1.425806851616659987e+00
3.014360494559438219e-01
5.757540109489065472e-01
1.584161320642105131e-01
2.021325931842755941e-01
2.680957629429454037e-01
1.355170978588886022e-01
7.937034320115372854e-02
1.348398894898714950e-01
1.805116861481174118e-01
1.314428060531001863e-01
1.961601248444835022e-01
6.843851867248433862e-01
2.568728141983340207e-01
1.728519832843191106e-01
1.080625172581445026e-01
2.563117177259326973e-01
3.190945573466896223e-01
9.816485034229969209e-01
4.717339227714735794e-01
1.189566561270331002e-01
1.407476745544394003e-01
2.721702317860441034e-01
1.684829875612373906e-01
1.043422685346430956e-01
9.304201386460095313e-02
9.749047899218850344e-02
1.297007364419389130e-01
2.171957567778736997e-01
1.800163458273559003e-01
9.955710096538697429e-02
1.454468530185694108e-01
2.611766867534336956e-01
1.260803169461734985e-01
1.124190520698497980e-01
1.222033965093358016e-01
1.996597889146624061e-01
1.903723412857578901e-01
1.641460779659381919e-01
1.643966211438402103e-01
1.030520796493339941e-01
2.309274551291934097e-01
3.607880151693155790e-01
1.206219770544797038e-01
2.547464488909492175e-01
3.686797184405953831e-01
1.556005608035737064e-01
1.980435784702873958e+00
3.671737448833781170e-01
1.144628339656220906e+00
2.472614814912809933e-01
2.300558821026786882e-01
2.256719849688217927e-01
5.676461752554193829e-01
1.689195844238768063e-01
1.354683926837657038e-01
2.551170897446433106e-01
3.015898857741912131e-01
6.810452231010867274e-01
5.700066139432973245e-01
1.409123654727048869e-01
1.535955264136162013e+00
4.569222876552019863e-01
6.165238169475258934e-01
7.119075963529029050e-01
7.224805934236876448e-01
5.486489929088261830e-01
7.494669710223189618e-01
6.046094680973230773e-01
3.174057572686623807e-01
4.150113577134765253e-01
4.207339167601015228e-01
2.164431872024006054e-01
1.514077684187052075e-01
3.557865122309227246e-01
6.027790379341235738e-01
3.925287385529079853e-01
9.534076906446639077e-01
5.734651728627278011e-01
2.906034038155094756e-01
2.117435589585525135e-01
6.881011851858707118e-01
3.287168169707759269e-01
1.820382576134242092e-01
1.255439857692687011e-01
2.053050208985894021e-01
2.529246036666992770e-01
2.322038537131221880e-01
1.118017368045235993e-01
1.720005450178591078e-01
5.939326556122763723e-01
2.742214631837950889e-01
3.555501492132677743e-01
1.364002754250248084e-01
1.893971352399022867e-01
1.209029786268980000e-01
1.152886221423884000e-01
1.799360925741768924e-01
7.034568510717081891e-01
7.261763848666296095e-01
3.565888696637906086e-01
2.560266760978298084e-01
1.678149697588048106e+00
1.370895137290563115e-01
3.872780600881997048e-01
6.138751477013250080e-01
3.449692790332173908e-01
4.816369374658044933e-01
3.754917008452349214e-01
1.156666029811375951e-01
1.699776841582474884e-01
1.981587434607459119e-01
1.995561528585048094e-01
1.747955812865261971e-01
1.106264517908674971e-01
8.250742675794857650e-01
1.588683500686431105e-01
1.938820474022736884e-01
1.755160650209388884e-01
1.603210384746729111e-01
2.388687454233026919e-01
2.992925897974321181e-01
3.233913948807348171e-01
9.597216201407267056e-01
4.015464692679617809e-01
1.561267509042711110e-01
1.772609262045194978e-01
1.618315197975921105e-01
4.911825468890355095e-01
1.694838135494625975e-01
2.211154110603764100e-01
3.695675373079159165e-01
5.919916454724178934e-01
1.924497166660117109e-01
3.190985126582311926e-01
9.169924743111528276e-01
1.230934958224800951e-01
4.535348331393110888e-01
3.819517140490455986e-01
1.745380070490404889e-01
8.370631600631113223e-01
1.687597992882937936e-01
1.564819760256767889e-01
6.785984287111381796e-01
5.429751890930311076e-01
2.417455691031311082e-01
2.368110362529718127e-01
2.328373902753060054e-01
2.557515908989055897e-01
1.471590152787581873e-01
7.159385347546357026e-02
7.570503270667698625e-02
1.149520605207000057e-01
2.909984873553759788e-01
2.447714870258257958e-01
1.832741766145548068e-01
3.140554697238553961e-01
1.547957247302564066e-01
8.532193607247759437e-02
3.216342309250170839e-01
1.880539755280065950e-01
5.301130715598588727e-01
2.132767589876564118e-01
1.021294027643372959e-01
8.900345507390550193e-02
9.115029661222896762e-02
8.497608990346748603e-02
1.053473064337707016e-01
9.277918240465149458e-02
1.086303544755378020e-01
1.365146127383816133e-01
1.690343894680053916e-01
1.804532236934066058e-01
1.440897076233534913e-01
1.439301332170176972e-01
2.181594122682891934e-01
2.825555279164829736e-01
5.235007333702458299e-01
7.905623088605147064e-01
7.445485708840623440e-01
1.744802187527161041e-01
2.739101155282390176e-01
1.118884532089928108e+00
1.618250692454767936e-01
1.269618236297513025e+00
3.603840781519586089e-01
3.770059491258547779e-01
3.124733358464791277e-01
3.916609743779517760e-01
2.655316491163133841e-01
5.181942154384376886e-01
1.629520031569917093e-01
1.797913780775300951e-01
1.631624287506598936e-01
3.843420519012059056e-01
1.679874812099763082e-01
2.958924859906338911e-01
1.760355165087038043e-01
2.582922158224510989e-01
2.463599708085081053e-01
1.495134497858622014e-01
1.749792332855198973e-01
1.536461561858006031e-01
2.078116947278906002e-01
3.002616493216930249e-01
2.968118422066279849e-01
2.384643717531468865e-01
1.611944955516058098e-01
1.146253610238534004e-01
9.177412671573206837e-02
9.654939047572980160e-02
1.298153614754614105e-01
2.506026075627184047e-01
7.363865186628644199e-01
6.754041231293722580e-01
2.079575089318846104e-01
1.105735730758796026e-01
1.501428324756677868e-01
2.273113814407652922e-01
4.778628498467064056e-01
4.466665313762385736e-01
2.581967043409327256e-01
1.610880550986376891e-01
1.692414778640901063e-01
2.932408074612546933e-01
9.965562825213618303e-02
1.804444307463239916e-01
1.368870979977117042e-01
8.456404181707706524e-02
2.654368665551640749e-01
3.379729609814718927e-01
5.951735190551218357e-01
1.685188604194758910e-01
1.209190771113436980e-01
2.529092242423838788e-01
9.097723083792093324e-02
1.594259898531484865e-01
7.335914483591030599e-01
1.919155213813585892e-01
2.252967569321437935e-01
8.536378238142788843e-01
7.455382694000776134e-01
2.183642741544160881e-01
5.290052665085015482e-01
1.405120650206236110e+00
1.307499953365474921e-01
1.491361524898905111e-01
4.627241406770700172e-01
2.542544876155006239e-01
1.644183305348038138e-01
1.661215372282774938e-01
2.469358335379222003e-01
1.384177662675528941e-01
9.443879691276824140e-02
3.190887171789665855e-01
1.140092343182882023e-01
1.079037919930745937e-01
9.754403494107792560e-02
3.370200845739306228e-01
1.007239397537398107e+00
1.131643601081203931e-01
9.417421388378904856e-02
1.022268444388788056e-01
7.691508306730801547e-02
8.479381067446982445e-02
8.725594865947718104e-02
3.360126010629195803e-01
2.653857263754362261e-01
2.246826718460369077e-01
8.388736608375103876e-02
1.523741552442924863e-01
2.556119687175754107e-01
8.681061369424215857e-02
1.307430196628721897e-01
7.645609703934129753e-01
4.281281890406246071e-01
9.507757453333441910e-01
3.022266478470532203e-01
5.001450018687608745e-01
5.576783053946616775e-01
8.748645139289386030e-01
3.216809015599310095e-01
2.034534642148997929e-01
2.412472168723389931e-01
3.620043107373918101e-01
3.219139276629515156e-01
1.161563286162605041e-01
1.190554962267297984e-01
1.711632073480484073e-01
3.482500501992731867e-01
1.809860800011517112e-01
7.582404671516640438e-02
1.045063931439224048e-01
1.718182496349434096e-01
7.179952215195689602e-02
1.946824689666993013e-01
1.195758504576415054e-01
1.016579938337033029e-01
9.717455559540844057e-02
1.416171514481681937e-01
1.671528470767751073e-01
2.494688571627655116e-01
1.381746455147009889e-01
1.438178544461617137e-01
9.649066654888578676e-02
9.195624782158712263e-02
3.046288312123742181e-01
2.286660044200315989e-01
2.276145796135821131e-01
5.876816018636238370e-01
2.048910576764033931e-01
7.440757964313310380e-02
4.399899058074115965e-01
1.092336518821192953e-01
7.954382948980555368e-02
1.212576684880949940e-01
6.928334792613428939e-02
5.673431960233543681e-01
2.098450532859265916e-01
6.428043603173130838e-02
8.083351125800743164e-02
1.139478396461595933e-01
1.230817835106830932e-01
3.216343666940291723e-01
3.212938325577424092e-01
9.168679430406252717e-02
1.435084352296399079e-01
7.071261112863658216e-02
1.041902456896652979e-01
2.158804498410457073e-01
1.654599373676184926e-01
7.546643600738570101e-02
4.368182297942764802e-01
4.120792290022726179e-01
2.473605984558902016e-01
1.924720666995929919e-01
8.513438076431824320e-02
8.516703567987854440e-02
1.136347016685262945e-01
6.313285699983178789e-02
1.589450406351242129e-01
1.297593820721227864e-01
6.806207748401068569e-01
3.106258730843324267e-01
1.561753561069233909e+00
6.711909478025991638e-02
2.205682543988863875e-01
7.194110727659229765e-01
8.635369002996551302e-02
3.535187421012817022e-01
6.408817246240944288e-01
1.543792941392644891e-01
1.216998271107606056e-01
2.652299042251748951e-01
6.221898597352695792e-02
1.092212916136608092e+00
6.009942075307156406e-01
9.461659520379098187e-02
1.361520092306129082e-01
4.999485398701756234e-01
2.841212363387766171e-01
1.927951718709385032e-01
1.514374110443212074e-01
7.630257357318315226e-01
3.594066678350161248e-01
8.943372061707106913e-02
1.689637634109431019e-01
2.480253244169192961e-01
2.171068335397720872e-01
1.311956603474520033e-01
2.374216796937005935e-01
1.860133228907462077e-01
1.791687968134914877e-01
1.857526205487088911e-01
2.706731085621588151e-01
1.097777164411835038e-01
6.962761132567141242e-02
1.127487633535231015e-01
1.082191652817632993e-01
1.017144637104930999e-01
2.279676270291572104e-01
1.089379156549206001e-01
2.608454698080751033e-01
1.112754787304742976e+00
1.758689880016607865e-01
1.559701433241323099e-01
4.390382067249071207e-01
9.270119954191156919e-02
1.598287746267945952e-01
1.800235512067560883e-01
8.996920801358486430e-02
2.408653607458544899e-01
4.092929624595583182e-01
6.761203133452465819e-01
7.539054290966484828e-01
2.777394410432896255e-01
8.363998503684064167e-02
7.615248294355678182e-02
6.674900577970126203e-02
8.543023149895070945e-02
9.879994614068712822e-02
9.340213489105253508e-02
1.052713818328973039e-01
2.558635097588838891e-01
2.409670635786571036e-01
8.593721829099973397e-02
8.936202986558139383e-02
1.523868143716534951e-01
1.852403813697220125e-01
1.173044584514257999e-01
1.900342614420479914e-01
3.864356824304426841e-01
3.446030516002454025e-01
2.909375001002135197e-01
1.962794274876561995e-01
1.018144047770496996e-01
1.442118146516860877e-01
1.660829358457540927e-01
1.345273803630125109e-01
2.181458588445976954e-01
2.433805838918423892e-01
1.179052474950812029e-01
1.637858755964674007e-01
1.173347333741573961e-01
1.893646772796679922e-01
1.667415820065897003e-01
1.586537290675235079e-01
1.002294689488406054e-01
5.340185544427222819e-01
1.040136400407564027e-01
9.311795563594003899e-02
4.111474522161560063e-01
5.634455932482005380e-01
2.018002192322392030e-01
1.669861157746843072e-01
1.451665847237199047e-01
1.388464110952662978e-01
1.174654508908543060e-01
9.791802892696606364e-02
3.000659739033819107e-01
3.058906460449734022e-01
2.071403440843750110e-01
2.128279454655148117e-01
1.501319847883255953e-01
1.656747173797827877e-01
1.788171741416086091e-01
1.417478696177071895e-01
1.058826950025996971e-01
3.357502509685793002e-01
2.771300294227216909e-01
7.848568984336834475e-02
6.861338363847289956e-02
1.507453372991746920e-01
1.296406574564036018e-01
2.669595860094777784e-01
1.834319804893018990e-01
3.988932638736090164e-01
2.726359051779277953e-01
2.893747211110420103e-01
5.167336449020198952e-01
5.775963453501957723e-01
9.117501057407202680e-02
1.236296444431840974e-01
4.736612757193144896e-01
7.429933700045801559e-02
6.046509498623796608e-01
8.697100200156747674e-01
5.329402247803872728e-01
1.159076261391439044e-01
4.360156378726171011e-01
1.436969466212076885e-01
1.964221526076405933e-01
6.928694912215001001e-01
1.216064525090518045e-01
5.274925978587352571e-01
2.895337439458660067e-01
1.113639425269148941e-01
9.403480725570335930e-02
3.790068878546973274e-01
4.324040655820108880e-01
1.225016534701113963e-01
1.757673869745806916e-01
1.669970339152793137e-01
9.379564081084231786e-01
1.690151830996488025e-01
2.085473085349109079e-01
1.135382282160946055e+00
1.818734928238504023e-01
9.948904718471333897e-02
1.966611060172435976e-01
5.692009730102096654e-01
6.007991599940610827e-01
9.228694947352021616e-02
3.244349085966609092e-01
8.306939805489180761e-01
4.772383695159390093e-01
1.799529460977233042e-01
4.272758033714523784e-01
2.638491027363225050e-01
2.701643613817517053e-01
2.180906300428817057e-01
1.192454879672271983e-01
1.807709339942127069e-01
1.133539562858928984e-01
3.972039533311425008e-01
2.751113542553464963e-01
3.017699484834249768e-01
1.190114790200782036e+00
6.061458434868495226e-01
1.090308423050382058e-01
8.494853888806391806e-02
6.974237922602666284e-02
7.226800433165805893e-02
7.895765849365292410e-02
3.129256747139924077e-01
1.697064156695226866e-01
1.251500499244052877e-01
1.017146420211073043e-01
1.006033165180165029e-01
1.003640949290983964e-01
1.185075920548619988e-01
8.178209283037350674e-02
7.526146498602159784e-02
1.017437913265123034e-01
7.931602548905972161e-02
6.454381860328715914e-02
7.104885240707853322e-02
1.129091029603054019e-01
1.352573743888101920e-01
1.058800102964534001e-01
1.612332209224595081e-01
1.412475811384912017e-01
9.475299077792798119e-02
9.030325501934734211e-02
2.998290984971047068e-01
1.111051647636299017e-01
1.017670780570753969e-01
2.325583015817878907e-01
3.168126002407247732e-01
1.472787597332577969e-01
2.154064304216725956e-01
1.894925306158150025e-01
7.074991219574675028e-02
1.526930143796355055e-01
1.184356745769016006e-01
9.369405623315990583e-02
1.141508538842404968e-01
7.065896849805110291e-02
1.798930917753434888e-01
9.256585461512903401e-02
1.963075826342854102e-01
2.884031410475131896e-01
4.659646404200394887e-01
1.661423060050452039e-01
7.575300047167661532e-02
6.460543055307631233e-02
8.257060511670771819e-02
3.955159535906557777e-01
1.733293891386346042e-01
4.086558289211634221e-01
4.648040663455226817e-01
8.188987039015517277e-01
4.629001416672799962e-01
1.765701446239746897e-01
7.779679857139261412e-02
1.659400672572461100e-01
4.824115147207230780e-01
1.382985742412692898e-01
7.630165870931618910e-01
4.833092328831378737e-01
4.832693640588160977e-01
1.244684825309819026e-01
1.625666999676430025e-01
2.473723227911928946e-01
1.099063930930159055e-01
1.926637742785576868e-01
6.163790913654546705e-02
3.726168302333742188e-01
2.551357562531100243e-01
7.182453088423389476e-01
1.029878903883341967e-01
5.934823468301896748e-02
8.469091464203003239e-02
9.209306393113639300e-02
1.207834748555065008e-01
1.076142470478282931e-01
2.832712444683754272e-01
9.879001560201537691e-02
9.320700547410767922e-02
1.438068403170698895e-01
9.145087639713964101e-02
3.760307611554856155e-01
1.720555875315593064e-01
5.135893989101930623e-01
5.565263640783321142e-01
1.264641814478847937e-01
1.905070999532589016e-01
4.466855812025953831e-01
1.119569596840486042e-01
8.244821820948040891e-02
7.661331366028674428e-02
9.187548712346930990e-02
2.065721155302797929e-01
2.235322275646582924e-01
6.805870188570696533e-02
8.070094518806054940e-02
7.673715298295032128e-02
1.665279788389655014e-01
4.088231212165580053e-01
9.979702375174490103e-02
6.129265757518270741e-02
6.151878639907323171e-02
8.667727821696377677e-02
3.337131531386954841e-01
2.049150234133504944e-01
7.435156917201975191e-02
1.345338417501560913e-01
4.146797454519289272e-01
9.027570064581812159e-02
2.707827231624030939e-01
1.970403597853959965e-01
1.578240420733562910e-01
1.546320529214813000e+00
2.681258189880473264e-01
6.020634783732858181e-02
3.962201466782970805e-01
5.007289390857102562e-01
4.831302126805113728e-01
1.289737058927153956e-01
5.557594256873645833e-01
1.091995387078263935e+00
3.416833253083074728e-01
1.739949995756789880e-01
2.196132129362018959e-01
3.880838860559562842e-01
3.286049155221528739e-01
1.522704784261166011e-01
1.386559711798452110e-01
7.181212401070211082e-02
1.461611400129194105e-01
3.260896338151854090e-01
3.390121796305577972e-01
4.364450889425844915e-01
7.153597794825529155e-01
2.600076383962474091e-01
1.510532738451010881e-01
6.057161625233307978e-02
6.820734781070525443e-02
6.673177736408594796e-02
9.079098770313263900e-02
2.947406646701364874e-01
1.328198908275863011e-01
6.980763060813431620e-02
8.418965299337491381e-02
6.462890085025407849e-02
6.699610160014432547e-02
6.455609335072125254e-02
2.159331037935602882e-01
8.750122852660748018e-02
6.008070709483402660e-02
7.013862572371988569e-02
7.282550576927616925e-02
7.217128570175855573e-02
8.603110686482144664e-02
1.617352998546638942e-01
1.889987442900623871e-01
2.327588958456094093e-01
4.411849632867421156e-01
1.046990064541893917e+00
1.702700251797865938e-01
5.741046564856362028e-02
7.672242028287065696e-02
7.385299329811531033e-01
7.024130169914432065e-01
5.399250450201869000e-01
2.774414268420308805e-01
2.871121311729254999e-01
1.382598768673655998e-01
1.055648599460138060e-01
8.588613137969888789e-02
6.054397147316099848e-02
6.695961007302657364e-02
8.497971243279746345e-02
1.710703216490067902e-01
6.005145076820114086e-02
1.190753284456006061e-01
1.367703011773966915e-01
1.206949442789271992e-01
2.474825389039090884e-01
1.085315890891448976e-01
2.659560649370745211e-01
3.582688639425767874e-01
4.114613381539461989e-01
6.708341154950430152e-01
1.200373606914122981e-01
1.229327906849732033e-01
1.994147458383601912e-01
1.398599683855580866e-01
2.397142386313595996e-01
6.485835693170359795e-01
8.645850523882510352e-02
4.153814389818695774e-01
4.065257771978146861e-01
1.528369913866262919e-01
1.783350465820860986e-01
1.200281459870909950e-01
2.878349328112899119e-01
2.659791448255758861e-01
2.110165381599992951e-01
2.589523530534533213e-01
2.734070367663428147e-01
1.266322052389634023e-01
1.876781654116858877e-01
1.640533999851097047e-01
3.260330207132535185e-01
1.632912817495414948e-01
9.498429040655857747e-02
1.694259805100344074e-01
3.651806050897303813e-01
9.551922515961167037e-02
1.227177184045459002e-01
1.526619614757301902e-01
1.154591560454882038e-01
1.476983832505402994e-01
1.263822806956335920e-01
8.511940484109611904e-02
1.087247150976046045e-01
8.185281337632718812e-02
8.530116018715096227e-02
2.262949243194775084e-01
1.110093129921806976e-01
3.474145910362089751e-01
2.783195582154300851e-01
3.920381438987253775e-01
1.570679939110390944e-01
1.929078969293586965e-01
4.814459134593038203e-01
2.096081111929639085e-01
1.438538924173146105e-01
1.594585867559787096e-01
8.662608399744251009e-02
8.093531379747928578e-02
9.777010811435526971e-02
1.114177775801473980e-01
8.243841592505711524e-02
2.015356608242674097e-01
7.991203396933699299e-02
9.547418958057200811e-02
8.997667492800143219e-02
1.413327508656956055e-01
2.420478693709990081e-01
1.313094071896190040e-01
2.615526380823309238e-01
1.620563509677436009e+00
8.014423835519617068e-02
1.332378689090898127e-01
1.250260199015094109e+00
4.810716731956585224e-01
7.640822806102040565e-02
1.493877528792321996e-01
1.335263380180536086e-01
1.281603587856064985e-01
7.310898401006768466e-02
1.430289355148348096e-01
1.053487626695692042e-01
1.384946558839287023e-01
1.101132371532916043e-01
1.258045931700207953e-01
2.488112765568609996e-01
1.851954142523236091e-01
1.209550683438308932e-01
7.839169274850879554e-02
2.321348153758545085e-01
1.767987748146923055e-01
1.737353680424701119e-01
1.973993507158788019e-01
7.488761745641112078e-02
1.021965666377065013e-01
1.177292149829562012e-01
1.562868596372924135e-01
6.811893458499684861e-02
2.078279993268170034e-01
7.961455943957568282e-02
7.013501280840629681e-02
6.738519773878291763e-02
9.656218215287708240e-02
1.216464297985490051e-01
7.465116896975010352e-01
6.839005847902698831e-02
2.184305997328545024e-01
5.678991765522457547e-01
7.937511670825980747e-02
7.921825536281781877e-02
3.157856228824432732e-01
3.340099229390181002e-01
2.746407227733728140e-01
1.886030278805178040e-01
3.003317108443929739e-01
2.778972011530733144e-01
8.744808093232726842e-02
2.015275028542720115e-01
6.998383750192604946e-02
8.745341385770522002e-02
1.611350229221669983e-01
8.183100676459442724e-01
2.779568931726897896e-01
1.801343314048977073e-01
1.574014712335405908e-01
6.444938591203569489e-01
9.175927222605112510e-02
1.821175407553345116e-01
2.539188826911732977e-01
1.294277380490590046e+00
1.953445233151918092e-01
1.090657366500255021e-01
3.139947893531995216e-01
1.486584594390794045e-01
9.636275690912575465e-02
3.436646510278656974e-01
9.682730331053554518e-02
6.441142296440323378e-02
1.450044174607535985e-01
6.380698756854093212e-02
6.219106941448938886e-02
6.272264659730891756e-02
1.022101870270050034e-01
8.322328345418886220e-02
4.706703057435093207e-01
2.721545175492313118e-01
6.936509214720991412e-02
6.108935986179089145e-02
5.991035781482258182e-02
7.733489049224855083e-02
9.719452559454765106e-02
6.384889280549520263e-02
5.330850770008270789e-01
7.628633539657690976e-01
9.779068554365893950e-02
8.158827160978207593e-02
1.237083970827749013e+00
2.368983242565949887e-01
6.921955739641473260e-01
2.734243618373314866e-01
3.939528953596229122e-01
1.040753743426292982e-01
7.993211018179144367e-02
6.676813700876962909e-02
6.817076067856342458e-02
3.903284582919273049e-01
6.093614449361250268e-02
6.637747899608233138e-02
1.855378051106789106e-01
2.612531612299491823e-01
1.770564980632509111e-01
2.926564619805616108e-01
3.473520276592406142e-01
1.360473842389884891e-01
1.322136935120578893e-01
5.165896047865038421e-01
4.977125633954692097e-01
1.123288820395158094e+00
6.005402283735474661e-02
7.227309058591833146e-01
7.333009618661812112e-02
8.490876924834223072e-01
9.151737420794724132e-02
2.210715388503269874e-01
3.603450121577594922e-01
9.883252061260389132e-02
7.595487647545057230e-02
6.261276502017484313e-01
6.011023139039038954e-01
7.423859956655377568e-01
9.205252440733135977e-02
1.492293955156810126e-01
2.087192119064897877e-01
4.094478055986544018e-01
1.184073245699640009e-01
5.941427194863072719e-02
8.072021252314781625e-02
2.924962951111826914e-01
1.119539431078195035e-01
1.082112433247317956e-01
7.682259993486737493e-01
1.423880573617481993e-01
1.013364564841562065e-01
3.641937811753647725e-01
6.324376608788948584e-01
1.245194185597018055e-01
1.402000987998565096e-01
1.845377998556265997e-01
4.940509415833860829e-01
2.066456779863385940e-01
5.519909753742089364e-01
1.867662693234142912e+00
5.996980490913551148e-02
1.889166892023826927e-01
4.233471446197746846e-01
1.555121932963388909e-01
1.285582701869802114e-01
6.587717863985552424e-02
1.462842223785331963e-01
5.801429052287179061e-02
5.879551866232231999e-02
6.317044169926745723e-02
3.336265170818413783e-01
6.903383283602178289e-02
9.967820446454857264e-02
2.081820465024812883e-01
6.479891911964457130e-01
2.873943813988578122e-01
1.180645276306555025e-01
1.739547335342870871e-01
2.613165915701646247e-01
5.138133790474391782e-01
8.055540206800672343e-02
1.008560489126252985e-01
9.136203565075094735e-02
1.148846976665624936e-01
1.120885802999936065e-01
5.268031515344241689e-02
7.526331818297543608e-02
5.343361981732783900e-02
1.949582202765718086e-01
2.957186467372346916e-01
1.852938047834079005e-01
8.763464004075258162e-02
8.051198750124058390e-02
1.038244419905726967e-01
7.764964120776096657e-02
5.326676581631911711e-02
1.810065522948313965e-01
7.018848787269557632e-02
1.262769998888277068e-01
1.407522337414348901e-01
1.248274783550138989e-01
9.835544522898047315e-02
1.163791966151429963e-01
5.128854921661849670e-02
7.122732532509248871e-02
2.151826864275603879e-01
9.684355950623498022e-02
6.084290439349414326e-02
1.204508722152544953e-01
1.280176968821493122e-01
7.422370316312724980e-02
9.034577565375363772e-02
7.438756325740077113e-02
6.471357994174897765e-02
1.079727361669347990e-01
6.870373407014897238e-02
5.698759963723298849e-02
8.338873919629455345e-02
2.728019182565897816e-01
2.952037447843495199e-01
8.419550432465670864e-02
7.000344270348926590e-02
7.513910474464417788e-02
3.094429305821472798e-01
2.296849758805865893e-01
7.720651584095099274e-02
9.451199311517947954e-02
1.856126245307263001e-01
1.587273379511102978e-01
1.275520956619642099e-01
1.483036572114377893e-01
3.453334403945831910e-01
2.808269866720108920e-01
2.852361103639298734e-01
1.557967504558246119e-01
1.361200668222876109e-01
1.003192185273138054e-01
9.281072275286925133e-02
2.821483511293074731e-01
3.611014017268712184e-01
6.637808955885854401e-02
8.672954689244465054e-02
8.388824150339677099e-02
1.343154376359010083e-01
1.417364128032826132e-01
1.036463262876984037e-01
1.309731291400456910e-01
1.109409785579385938e-01
8.544966091244944606e-02
8.719336827580831395e-02
3.040580066337628118e-01
1.811737841797922965e-01
8.983128728911128624e-02
5.220727404325731930e-02
7.656930482581932040e-02
1.661910836491468091e-01
1.261100652255245091e-01
7.455627753441836092e-02
9.283091041406843491e-02
3.010310739667665936e-01
1.097020907313717986e-01
4.852811430156316747e-02
5.918380959975805267e-02
1.203382233671748958e-01
6.539388922804949267e-02
1.106860376186948047e-01
2.246734925004482963e-01
5.655884555873909314e-02
7.535370174170159807e-02
1.024208880952680034e-01
5.877364036934829700e-02
1.596433469336588917e-01
1.083779408101084030e-01
1.150848027406036062e-01
1.336667564714157930e-01
6.280025373736063121e-02
6.187878727376854016e-02
5.346157393613996944e-02
5.706882253201304295e-02
7.772097601333748107e-02
3.114303184535632818e-01
2.071422347621854898e-01
1.224979199289240039e-01
4.662975590238061657e-02
9.978663522364623895e-02
2.741976859666935828e-01
4.136368154292510146e-01
5.794040454887765951e-02
1.330882315730159970e-01
2.073792140084103064e-01
8.675228712907246953e-01
1.482152130666603007e-01
1.124342161997601008e-01
1.472634465410699867e-01
1.225040559421747971e-01
1.168915339249640001e-01
7.955653109533572520e-02
5.632891517999954328e-02
1.259931568179573080e-01
1.156467014546399968e-01
3.950399597791274808e-01
5.152634239973082897e-01
4.377963303620489022e-01
4.893901776553217231e-01
3.549529995716423914e-01
1.330231454150183901e-01
1.590168740120666002e-01
7.024565941590410478e-02
4.712909883165142255e-02
1.880931117129046870e-01
6.652109039634500343e-02
5.376326380781480674e-02
1.992865351901514093e-01
1.596149472843663986e-01
1.149997568878707022e-01
1.638366401932924987e-01
3.553682871316746206e-01
1.701209547708943948e-01
5.149903093266487014e-02
1.191902401864056993e-01
1.152125204231955052e-01
7.514192050763945918e-02
1.204064647519652032e-01
1.109760665956454062e-01
1.028367498743665981e-01
6.610111366853263504e-02
9.013362894291576666e-02
7.771568506210052574e-02
7.916511784692910336e-02
5.304123303859222816e-01
5.745420102434350973e-02
5.316837167607676301e-02
1.348022780952579103e-01
7.220299383278749872e-01
7.767535270828724858e-01
1.081930174972880049e-01
3.392110390585471036e-01
3.069362028758952921e-01
2.729631966482256034e-01
1.414735738518229091e-01
7.850139883173108679e-02
6.259343393665954547e-02
9.454731939215647862e-02
1.431102857470586132e-01
1.866322642661326081e-01
1.082563065607979047e-01
9.572488039996598919e-02
1.564064955985051963e-01
5.349186579137615166e-02
5.731726040698274793e-02
1.108821178802164992e-01
6.934763393802155507e-02
1.055340455994531051e-01
1.269744187738618968e-01
4.666396351022575884e-01
4.531298545022018898e-01
2.142687516265263936e-01
1.254020029273013037e-01
9.043772714385243938e-02
6.735628156904628627e-02
1.426981094116724913e-01
9.209188227612673250e-02
1.667049036605091905e-01
6.607477883784713957e-02
1.509983622364617084e-01
1.699476922353825026e-01
7.786003629131356407e-02
1.506134020478930025e-01
3.511180210958939063e-01
1.955336715962535943e-01
6.391717325839720021e-02
2.649876170452333812e-01
1.079010992455476936e-01
4.155597637378274922e-01
2.308964891352850990e-01
5.232774929556937016e-01
3.771891448212719156e-01
7.969001885074487868e-02
6.712375437137056700e-02
1.667254046236583964e-01
3.883357303644142111e-01
1.498166114177066077e-01
5.001059137978335761e-02
8.943422696203276456e-02
2.091198496253290073e-01
2.130912584648433084e-01
7.976435604738783824e-02
6.476038869618401528e-02
5.751565464292934804e-02
6.114103144898042075e-02
2.194933160397994909e-01
9.514758613234597373e-02
2.638796763913207055e-01
8.926313036019710712e-01
4.349601401216178220e-01
6.361092262179087742e-01
2.353454211696824061e-01
1.836140479243077994e-01
8.401139114958122711e-02
1.423461136416213080e-01
1.370134519879002977e-01
2.681082209811472827e-01
4.272246641471807993e-01
1.395772507715332011e+00
3.989289797137979265e-01
7.795796515111763636e-02
9.046015553659757513e-01
6.110519942605996402e-01
1.103104812867294060e-01
5.393124755368679246e-02
2.309732826100630021e-01
1.502096767567417113e-01
6.497730507306377357e-01
9.694774043001416763e-02
5.895045900400466138e-02
7.471335520383008688e-02
1.137679227934032949e-01
3.097746476731070842e-01
1.327027566190158991e-01
3.079315388560853739e-01
9.932514395885284897e-02
1.343611577596635909e-01
3.213723732758265728e-01
1.462905945461071000e-01
1.199049228046275978e-01
6.789695012849894518e-02
1.266605108191805051e-01
1.611198983510140903e-01
6.611672854713322722e-02
2.272283225670974904e-01
3.154950204541521752e-01
3.141023371566715738e-01
2.945351008014636118e-01
1.073538120840401011e-01
1.338778643510704913e-01
1.097532694838062040e-01
9.573000362046875378e-02
2.018471211504060947e-01
2.249860734742165080e-01
9.958183588222338511e-02
1.324241420533212032e-01
9.782442332081477121e-02
8.611822670710544969e-02
1.674422365878638075e-01
2.706345427262780157e-01
3.032121538488790069e-01
1.030738593704901979e-01
1.525593407090370113e-01
9.089623272634923812e-02
1.147416420750927979e-01
5.443559982157304689e-02
4.398790962084325185e-01
1.096688913446390023e-01
1.473165825451991928e-01
1.700371652581909865e-01
1.111135752674037025e-01
9.943289318665463061e-02
3.689645060663236942e-01
3.458321756915245238e-01
6.908201621160610373e-02
5.175522125257987077e-02
6.216056477429290211e-02
5.615856131760119108e-02
6.721548447933602122e-02
4.488709480502621196e-01
1.925075686957173071e-01
5.302314646557069328e-02
1.077619117958563966e-01
6.487036954269533029e-02
6.904464815595308391e-02
1.202556726055138969e-01
2.412710511843554062e-01
3.199706042253385174e-01
1.477082605724180098e-01
6.536990654318601823e-01
1.543225654874461894e-01
6.672446072375113335e-01
6.112465367579253961e-01
2.291912863201341910e-01
3.753982472640272072e-01
3.502086890625463189e-01
4.888163897078703218e-02
5.537311662504153936e-02
9.371751949284869154e-02
4.457566468321832315e-02
5.779038604297530302e-02
1.356272655261105131e-01
3.202608724971169885e-01
1.287643730036275025e-01
5.266029977820307906e-02
1.843293211171287971e-01
3.265076056943583271e-01
1.662985336425742977e-01
1.951828383857950044e-01
2.412623562963673862e-01
1.515841123995687045e-01
3.310638048059418859e-01
4.816634956920123195e-02
4.895584586436795699e-02
1.237825981660242020e-01
2.123358760842928017e-01
2.614569923042598942e-01
1.273922430332808942e-01
1.195791170049930047e-01
1.631820904266398087e-01
1.726561262947373943e-01
1.013515262445438964e-01
1.714881864786843013e-01
1.408625003117081054e-01
1.403991665821709978e+00
5.414215076915747105e-01
7.102363138492201466e-02
1.034226763855049941e-01
1.528994942007471103e-01
3.315110230751447951e-01
4.462978839375777995e-01
8.847508626398636888e-02
1.195015745639670945e-01
1.796991625256225966e-01
4.875875710040777911e-02
4.689903621631288932e-02
4.668767089010057020e-02
4.835278040980577757e-02
1.643009256323960943e-01
2.423479823553914003e-01
1.712822072718606925e-01
1.414662425375466104e-01
5.683046421099510748e-02
4.163409400219362788e-01
2.202759261140634917e-01
5.526567562231175790e-02
4.536901401642189774e-02
4.761269857243170117e-02
9.907090338245459760e-02
1.025777173595158048e-01
4.829690636901175227e-02
3.984992583373362929e-01
1.687255958366571107e-01
7.042391271940728892e-02
5.352931331516509739e-02
1.961871709385633045e-01
1.889979906382547870e-01
5.804207145477352503e-01
8.379722787012536811e-01
8.558598511859072389e-01
1.342672209516752868e-01
5.546151806830915826e-02
6.812526598553145241e-02
4.687065833113737007e-02
4.879734509257908914e-02
7.323010692080560158e-02
1.360336414539669025e-01
1.369740260175928981e-01
1.574205876219995082e-01
6.302918152265150897e-02
4.787685059583038916e-01
5.376301367229331662e-02
5.539291001975694267e-02
8.474535472379642054e-02
9.952520404159459488e-02
1.582148675451122977e-01
3.135285937896784003e-01
1.145814638611166031e-01
7.277669763180438789e-02
4.643948806869707679e-02
3.493155349077320948e-01
3.330833334096173770e-01
1.349497356878935905e-01
1.095987927186854033e-01
1.915483260749858974e-01
6.460981570996314760e-01
4.568708294467220266e-01
1.460930026982870944e-01
1.205652380895105985e-01
5.652039846908654686e-02
4.532753083485324685e-02
5.489164689662690000e-02
1.150948800289456064e-01
2.764546609062690230e-01
8.075664015856774958e-01
6.738895814937122253e-02
2.087086793464607015e-01
1.401601120564692105e+00
9.019875080348045693e-02
1.299989699547011934e+00
5.630516881495655213e-01
3.974266146383079179e-01
9.017120475878505070e-01
9.929367100964218984e-02
9.624249109830790294e-02
3.081905439727001261e-01
8.092970450707914765e-02
1.075894011220571989e-01
5.257036364195914746e-02
5.892928630421737785e-02
4.943051113735145302e-02
6.761189975717968315e-02
1.645151817923506954e-01
1.540228480373415088e-01
1.346457795898479970e-01
4.885247578968532345e-02
4.894139496183554788e-02
1.035332071510429025e-01
1.230572209273470968e-01
2.484798116570096915e-01
1.904659554936584953e-01
1.095010419200432988e-01
2.539277684593865270e-01
2.352379849030324932e-01
2.468313073252652867e-01
5.386442050673646564e-01
4.129254434588610079e-01
1.205108209618337978e-01
2.684867490369087784e-01
6.282120858246502682e-01
8.978671960193326806e-02
5.652274051332790289e-02
1.674950292939310081e-01
1.914834913139243089e-01
2.698892528969876192e-01
4.182760347573883930e-01
9.000435697210500130e-02
6.785428858657421847e-02
7.005040986261143465e-02
1.435736541349897921e-01
4.210843828199395955e-01
3.159870356360724997e-01
4.525464715962013856e-02
4.808730539632116718e-02
6.138449038334878316e-02
5.756477471157837172e-02
5.149674964276523825e-02
9.772691804738241339e-02
8.713154123899405357e-02
2.446524709655311935e-01
1.214518452912955043e-01
4.811447562700261332e-02
7.362314527988345070e-02
1.799400531101637002e-01
4.353378642666869136e-02
5.218062920373584684e-02
5.308643475938690237e-02
6.441844025591091094e-02
7.501251357475330339e-02
1.510521361228908122e-01
9.523789247825555082e-02
6.229192525103662698e-02
1.022464477861004944e-01
6.454011827677902380e-02
1.158098344797634932e-01
8.250487594908925693e-02
4.761100806327300816e-02
6.109667034249100653e-02
1.077623444269489028e-01
1.242960101813899987e-01
8.981977825397507997e-02
4.306985875699603783e-02
6.696437109358847894e-02
9.955982031807390775e-02
1.113653052711413988e-01
4.373045037355177134e-01
2.147665079199221894e-01
8.184571548188013246e-02
7.637969157831681066e-02
1.448069343545378973e-01
1.482568298292882003e-01
7.796908625531250026e-02
2.609112088422934073e-01
1.147669677812707956e-01
3.973704409738296195e-01
3.733163863741720268e-01
2.419272785188953945e-01
4.835358296748710344e-02
8.009611683386369529e-02
1.716234995269919072e-01
1.787416711938489000e-01
1.786162977168156973e-01
1.064362268833284053e-01
1.890247708543731087e-01
7.032857539721383555e-02
4.012925207174661280e-02
7.377480101793003342e-02
2.577875090557995019e-01
3.218681128757315268e-01
1.585510857827530096e-01
9.150556629665913821e-02
5.711573680396374308e-02
5.348382401240814321e-02
9.775384096129891009e-02
5.804187091982041663e-02
3.922250362730111267e-02
1.579967107882865873e-01
2.374303811464421876e-01
3.358323189780826890e-01
1.307246560752957087e-01
8.058579034391186169e-02
9.169024366715090857e-02
2.103699012114597089e-01
8.555919614844484378e-02
9.819670189310782116e-02
1.073917534034977000e-01
8.712870526659939607e-02
1.565598533871077891e-01
1.044560930282115996e-01
1.262290935146404003e-01
1.266533479056163036e-01
1.297767268795128048e-01
8.998031052927747686e-02
4.042625884047439111e-02
8.319537819589531424e-02
6.791222113775381708e-02
1.100916808470135955e-01
8.333643269397338071e-02
1.843064947729073921e-01
2.976762551896883768e-01
2.382042949989154057e-01
1.136107938874939965e-01
7.766351807354068826e-02
6.043844128678246830e-02
6.614682433699708985e-02
7.474608141769908953e-02
1.721556906029438894e-01
3.457768613561895132e-01
3.052630481413813879e-01
4.180753243656981089e-01
2.823281061665213754e-01
1.194201992123939959e-01
1.770812495911273099e-01
1.792543043590721918e-01
1.170774421820888062e-01
4.138996037075994699e-02
5.740925587395538654e-02
3.378311172050442179e-01
5.336363046479093430e-01
1.060841563119376968e-01
1.165188018974300938e-01
2.753458197981766276e-01
2.334332534012197868e-01
9.792193385804479622e-01
1.821872319361647063e-01
6.737935147077744880e-02
7.226272305822756259e-02
2.869434823786691791e-01
4.135517601614722150e-01
7.832314375971710652e-02
9.516830596658029662e-02
4.432163630472226723e-01
1.313991432134204995e-01
1.140903854766143061e-01
1.266930537417932101e-01
1.600435287737611012e-01
5.371699202476965668e-02
6.842327832777872487e-02
3.437075574703130076e-01
6.757045105271866081e-01
4.124864866442939926e-02
7.100039316705009096e-02
5.315461160067042057e-01
2.626260370832487201e-01
4.734555132693263335e-02
3.482873853346472176e-02
3.438078002416002782e-02
4.331601563163092750e-02
2.650657418787020769e-01
3.907125380385533253e-01
8.036139527470717581e-02
1.303364113123333112e-01
1.358003928156946982e-01
1.731168756541953124e-01
1.139532044878332068e-01
9.826212205221114548e-02
4.555634672463126228e-02
6.363431743633850279e-02
5.562492029106436836e-02
1.087180442734237973e-01
1.049630029594701974e-01
5.731755522128015312e-02
6.357453824202746739e-02
5.481007339698275999e-02
4.768344756765383746e-02
6.071330227302147720e-02
1.610903091077351135e-01
4.088612857026204805e-01
1.460482959429864891e-01
4.662316149326761749e-02
1.367311650936506029e-01
1.349552101909894941e-01
1.095710947301407057e-01
4.619910776612978776e-02
2.078224308649047891e-01
4.231671586311888666e-02
4.898326147971841793e-02
1.717595174920804046e-01
4.417534400594161914e-01
6.228970635276868950e-02
9.887711502482099402e-02
6.627608931650125212e-02
7.759510767755349592e-02
4.948924466857621690e-02
6.459588024391868522e-02
1.436508858455488036e-01
6.170213163185930827e-02
1.780967050913740135e-01
4.980543368993307074e-01
4.037990428252499764e-02
4.253752532351665061e-01
2.666546728956513124e-01
4.348081834210634766e-02
4.010860429902361052e-02
1.400969928688546029e-01
4.728603773472227906e-02
9.249268493183554485e-02
1.014023401808266944e-01
1.505552390096658866e-01
9.225986554451601207e-02
9.052880345671594775e-02
2.371122562511513987e-01
1.811642250053721037e-01
6.415623329630310012e-02
1.425791083253127034e-01
8.659862877913428181e-02
1.138688195733141006e-01
7.612238351479388987e-02
1.236256282878877011e-01
7.916638207619927647e-02
2.046307551433836081e-01
1.191820016850865943e-01
1.334386342005825954e+00
7.314825387741356877e-02
3.485478854316979846e-02
3.498331121886055772e-01
1.908692609231912862e-01
5.013603412217439853e-02
1.934507209043253018e-01
6.207721062164066606e-01
1.104215386495629031e-01
6.918491916201856273e-02
8.661502351258233701e-02
1.011780204889762003e-01
5.235154750266903662e-02
9.088043280897074860e-02
6.228884348512093994e-02
3.188748564447972944e-01
8.981299704355724667e-02
8.122111216059116345e-02
1.041063560628257972e-01
1.257520402995875031e-01
6.232311921579031244e-01
3.219264312456083243e-01
3.018647537678668114e-01
1.579744320642829936e-01
1.111608853152635940e-01
6.269875833388542652e-02
4.122151993048245311e-02
2.176191565203113021e-01
2.732768490654268745e-01
1.926380640205231920e-01
1.014076024841795987e-01
3.953430079258057894e-02
4.577792942791825831e-02
5.103035886806568666e-02
5.324038349824330302e-02
5.899500521295702321e-02
9.094981557980442999e-02
6.477796707928898390e-02
4.972009859226848155e-02
8.185423892701756965e-02
9.847744118162524152e-02
1.500885126671580028e-01
6.782829266596093754e-02
3.927441385348193204e-02
8.659537119175304831e-02
2.403107894770173947e-01
2.322827545164483920e-01
5.897516795231842746e-02
4.251379744413481127e-02
1.654618598580140931e-01
9.920377304447418332e-02
1.082811845182320987e-01
9.924355659190239876e-02
1.238059666908632034e-01
1.092007629005016939e-01
1.921882515197869123e-01
3.629763380376394011e-02
3.467897434322667755e-02
9.157881034089350447e-02
5.786102136266065704e-02
2.231091909357924008e-01
4.795607702576688836e-02
1.245398355591998962e-01
5.379045827686893683e-02
7.731257731482885087e-02
6.621992483260816242e-02
1.659166835742610924e-01
8.170910319001320476e-02
4.677745590218136684e-02
5.909304030734800761e-02
2.182217887801773948e-01
4.214631527894255880e-01
3.503295621385176251e-01
4.365841586940819030e-01
6.220777134177381262e-02
8.700832196138802432e-02
1.481593583826515126e-01
5.213571430358429071e-01
9.309273987033809261e-01
4.161661156485553792e-01
5.251171367596702694e-02
1.692203872488136085e-01
1.443999252706474001e+00
1.064800755390343939e-01
1.788357062598071867e-01
1.240593942857890930e+00
6.619152002985034811e-02
8.873869208525290986e-02
1.046107719279227022e-01
7.200076313404413231e-02
1.011383924556764069e-01
4.337050635259878661e-02
7.936736139885471053e-02
7.111837427569704662e-02
1.019230259310349995e-01
1.097081042802385970e-01
1.325149868417803967e-01
7.332189977144720761e-01
3.831669226311849030e-01
4.488428116455753236e-01
1.269107160819092917e-01
7.383988908986251209e-02
5.471186003486892130e-02
5.469657541529483746e-02
1.079780059139174020e-01
1.354902071303965005e-01
1.833504262131060991e-01
4.685176981047624312e-02
2.840036294244744908e-01
5.607623360327836787e-02
6.923960370696355393e-02
8.769832928093315716e-02
7.955950364152297727e-02
6.269315083061159644e-02
1.443171761235677031e-01
7.223464681720626057e-02
1.450904155602961987e-01
4.693510878158795863e-01
5.023531561683716173e-01
1.432274114172102097e-01
1.886501868454227016e-01
4.880168438934706088e-01
2.790600417905618191e-01
3.976585015823153740e-02
6.855932935054458166e-02
4.787575606782298876e-01
5.045785748841399299e-01
1.038920549218261963e-01
2.366786173724096110e-01
6.022463620759128250e-02
7.622449943323153509e-02
1.742237571417173114e-01
4.212884562427141044e-02
5.736985400463229245e-02
1.507406541263016098e-01
3.750043624179196788e-01
2.430851897089471025e-01
3.066727139976856975e-01
4.007434742927638016e-01
2.385495574944060948e-01
1.671050094241751938e-01
1.191624376604975000e-01
2.084294183163215020e-01
8.141314851273703246e-01
4.929258155034076938e-01
2.642630758416023018e-01
4.230204400927080333e-02
7.485668324766686643e-02
1.056860109990654051e+00
3.105765540184973750e-01
6.150898933324509127e-02
8.579293386776674080e-01
4.429994470841597809e-01
7.921731960601259559e-02
3.463670590336486166e-01
1.394208095037481998e+00
1.729140332356954024e-01
3.607371833957272178e-02
1.870511119560948066e-01
8.086992730606715751e-01
2.014595368861993030e-01
1.399933698840664098e-01
2.797428095003566817e-01
6.227321581634529674e-02
6.951766248668993509e-01
6.283955388238593454e-01
1.837029592230645936e-01
1.070386736659971055e-01
3.343672596525538165e-01
9.399949991390083026e-02
1.138265387922595961e-01
1.181551398865720998e-01
3.218679782161298214e-02
3.593455405810865727e-02
1.166357986822560977e-01
4.419810423358926793e-02
1.451965657698479906e-01
2.052198559335418893e-01
1.753155890569619013e-01
2.264225620649137072e-01
1.604182164950065104e-01
3.289386164928446155e-01
6.284407206540340018e-01
3.500447060516013176e-01
8.850697003322587353e-01
1.123396912879937037e+00
7.103955697163247818e-01
2.393813782882308061e-01
1.602190113865537002e-01
1.275482552915533918e-01
6.984036733813146769e-02
1.744689050096263905e-01
1.608265183109960084e-01
5.202291400451954095e-02
7.450303547980817453e-02
1.472230606420424082e-01
6.604394025354713704e-02
5.838866307329391991e-02
3.039197482879745227e-01
3.406299291889804959e-01
3.299672353379836109e-01
5.608066767756977877e-02
1.860051107286158079e-01
1.484810477319072897e-01
2.501855514659018787e-01
1.970128801066446111e-01
1.783904481387675878e-01
8.695756126190479218e-02
1.081091050155170985e-01
1.238998804763997985e-01
2.022892763071031108e-01
9.718688312967940779e-02
6.339593718056217575e-02
2.583899358338134777e-01
5.325382012343773952e-02
1.386331232028777116e-01
2.375385011148926084e-01
1.970483646325985050e-01
9.261548213535091001e-02
8.345513967545470368e-02
3.870851392958795101e-01
1.804444652898667956e-01
9.253312690203599478e-02
2.001392650965002074e-01
1.237083413096032036e-01
1.611146634020665103e-01
2.467473433254553927e-01
1.198749906598163967e-01
2.010225511346344918e-01
3.231473807629419159e-01
5.924432493386042747e-02
2.532582963906643836e-01
2.453672059405017924e-01
2.856970624323896812e-01
7.913113142877591100e-02
1.600617516673711049e-01
3.859873233819707261e-01
6.510739984973064332e-02
1.111895640570141064e-01
1.789641180812301113e-01
6.116515077269855105e-01
7.552895978056781146e-02
5.225915770214453193e-01
1.480496900659697967e-01
1.893194169153840922e-01
6.924774877735015433e-02
6.994662569667604579e-01
2.476648693839479942e-01
6.062066207532545298e-02
5.534299915626664235e-02
9.705869752525385363e-02
2.853322315374323126e-01
4.002568714961828866e-01
3.762753939920521207e-01
1.506519820556883882e-01
1.207831609573799952e-01
6.195211258367430002e-02
6.253246159420892958e-02
1.272937762861509892e-01
5.843399551841602091e-02
6.433842162807082432e-02
4.652578479506459114e-02
6.572448765728843012e-02
3.873262176637400078e-02
4.228841267167191692e-02
7.766843312304533287e-02
1.616641822592909949e-01
1.265007325582140907e-01
6.698363928768390207e-02
7.697816702162765812e-02
9.611673556481502290e-02
6.396147361510552687e-02
1.839687057071542065e-01
3.860610610043167801e-02
7.214115591383057913e-02
4.106718982791265210e-02
6.249540300110065227e-02
4.122666609315708275e-01
3.594812245576615162e-01
1.057501611921932982e-01
4.850270389450980074e-02
1.580216792165916040e-01
3.319326327652621228e-02
5.189472795236455688e-02
1.575469367985083136e-01
8.737361195558272786e-02
6.730576715367159180e-02
7.584564834652346432e-02
4.033763075337520876e-02
2.362734772767345892e-01
3.136228199282302120e-01
3.040020797827889809e-01
5.292618829307950135e-01
1.475714465700463940e-01
5.194348865848782970e-02
4.921599746691027177e-02
