4.656680692630250640e+00
8.639779166528702703e+00
9.531728494291776599e+00
9.779218946142300695e+00
9.837938658963309990e+00
1.045630111552060981e+01
1.130607793523245164e+01
1.229735022361580832e+01
1.267302200643013599e+01
1.285984844847885000e+01
1.279857526319680971e+01
1.318295040508921723e+01
1.386133408357096819e+01
1.400394816039174728e+01
1.440824237193607615e+01
1.489538254199798750e+01
1.475189839424412064e+01
1.491106135301378544e+01
1.558398452786366839e+01
1.576476980501166025e+01
1.567373767216442815e+01
1.555029022974444430e+01
1.602082076876104111e+01
1.634234391643254014e+01
1.707964078481601788e+01
1.743071895181422448e+01
1.775575763050825984e+01
1.757279694372381584e+01
1.770638038765230959e+01
1.798505022048160029e+01
1.789003827868056717e+01
1.780922449262426355e+01
1.770229494659039915e+01
1.816318352968218974e+01
1.880589017702587995e+01
1.882030486789805934e+01
1.901877085922631139e+01
1.921101764937463585e+01
1.931785270450194147e+01
1.938481500241061539e+01
1.990795433068169729e+01
1.992363990898130766e+01
2.031456946025724974e+01
2.055890860526738351e+01
2.085518936695202896e+01
2.100370792130979325e+01
2.113072335555247605e+01
2.150044949993198173e+01
2.147863042796863553e+01
2.181403111963782493e+01
2.167130737273696184e+01
2.222927965816393225e+01
2.226008893310190118e+01
2.228987674207531100e+01
2.252767091749943162e+01
2.280543028715410259e+01
2.281381958781172870e+01
2.259840580647396280e+01
2.258933396311882902e+01
2.298782225399549617e+01
2.319077434171793684e+01
2.334341092162869913e+01
2.332964709088920685e+01
2.347915709211462243e+01
2.346884372657487461e+01
2.369286866542136849e+01
2.379054092844688029e+01
2.381341825791821520e+01
2.383164123738151119e+01
2.381652005763949376e+01
2.399692669094784492e+01
2.415165822349891656e+01
2.416802867482821071e+01
2.438201604992816485e+01
2.427687374064185732e+01
2.439656398279887739e+01
2.467361471212441870e+01
2.469944137824100139e+01
2.494576873850412824e+01
2.523327887619263876e+01
2.540140976361651326e+01
2.563479596393120730e+01
2.566045780777178109e+01
2.596468403830068894e+01
2.623972713294514136e+01
2.655773484661354189e+01
2.666738801029191208e+01
2.704287292401297194e+01
2.698992219972249273e+01
2.699798748708969498e+01
2.707204222778948122e+01
2.700441310985760168e+01
2.701212020418317650e+01
2.724562716364345860e+01
2.738148515506803449e+01
2.749702331848370207e+01
2.771163993946571225e+01
2.804826575053738935e+01
2.794537837440004324e+01
2.805710985957889747e+01
2.800982842176994225e+01
2.809061240981968055e+01
2.813498690045380357e+01
2.823913481884619259e+01
2.829768139446866826e+01
2.837347540330689455e+01
2.851178259417504179e+01
2.844314746549584783e+01
2.835972764417195791e+01
2.850915713915369309e+01
2.859770816817388095e+01
2.882389200557286912e+01
2.894929056346862239e+01
2.897635203153434347e+01
2.899661575332672925e+01
2.916175292332738067e+01
2.912369905409707727e+01
2.920483465980242954e+01
2.915272064867103907e+01
2.915043216265847548e+01
2.935906502123474837e+01
2.925020348331306863e+01
2.927534359587945900e+01
2.937537608852902338e+01
2.933634441901604006e+01
2.950368643945240876e+01
2.974271103383334491e+01
2.987589950310361075e+01
2.976392157393664917e+01
2.973619306118544969e+01
2.973908122331608794e+01
2.989671791078636787e+01
3.003786753592491365e+01
3.019682791242102482e+01
3.020011216459804260e+01
3.027127518414573615e+01
3.033013900738063029e+01
3.058242894203183937e+01
3.063376233127923243e+01
3.078946554475225383e+01
3.073741168186114336e+01
3.075924891613377810e+01
3.088771819646164829e+01
3.098893266337110219e+01
3.119923358275028846e+01
3.139040843895438826e+01
3.147582330556524610e+01
3.147368904719196081e+01
3.167323410177230159e+01
3.175935186472397120e+01
3.176231890397477287e+01
3.194271302857850969e+01
3.210798979854096302e+01
3.223497990097799004e+01
3.222729647079792414e+01
3.222965266586294319e+01
3.218063491856162273e+01
3.236095435339078819e+01
3.236756295909479775e+01
3.245726721083197930e+01
3.250858313432166824e+01
3.251605426084722694e+01
3.265927510582736204e+01
3.279506101489700853e+01
3.299354309164019128e+01
3.322148214386110254e+01
3.342424902707651313e+01
3.362171430940032479e+01
3.369640359883476322e+01
3.370031014405583392e+01
3.392449202254904606e+01
3.389150015926895776e+01
3.386951464177002435e+01
3.385517941507968942e+01
3.401335557068692594e+01
3.416819401677568635e+01
3.415623723171660941e+01
3.412770932552497527e+01
3.425985708346833292e+01
3.428249706910077066e+01
3.445004175165340854e+01
3.436178646110697343e+01
3.432744075469255307e+01
3.441013001933124826e+01
3.454867242798319182e+01
3.465149443661031370e+01
3.480445065807354865e+01
3.496589889147659846e+01
3.489576808518574325e+01
3.502411394273089229e+01
3.514412611143861653e+01
3.529675816926440035e+01
3.540949592668206947e+01
3.554289829111364440e+01
3.563633225404578297e+01
3.578675457307755892e+01
3.582714057978672173e+01
3.581217557622581182e+01
3.597333322981224768e+01
3.591846566504348459e+01
3.603011828931776250e+01
3.600824198268828269e+01
3.609507326237033453e+01
3.614169727123813658e+01
3.609978733616489421e+01
3.625903599273728162e+01
3.622187715997421265e+01
3.630448349437698141e+01
3.622791293805602209e+01
3.630188749588570829e+01
3.643554015854688544e+01
3.646273920363557863e+01
3.650938740959395545e+01
3.652117287972348691e+01
3.661068241793037714e+01
3.677396467106820666e+01
3.672523152226288801e+01
3.683805106594849121e+01
3.687701270675525222e+01
3.699275178944318299e+01
3.696370160611188993e+01
3.706011747522539679e+01
3.704178783376924855e+01
3.710273383592097929e+01
3.700354458217957898e+01
3.713924950340823727e+01
3.714446475766959566e+01
3.718016339002517157e+01
3.716132114601864345e+01
3.726873334400429627e+01
3.724297117879750374e+01
3.724863386682815047e+01
3.728894412026579630e+01
3.744366114174727755e+01
3.750062085425562941e+01
3.750366034081714872e+01
3.747970958852777557e+01
3.758845438221940327e+01
3.771178396572428682e+01
3.779777231536322546e+01
3.784410607891270928e+01
3.785666676930348729e+01
3.790609849990291025e+01
3.794679015241874964e+01
3.791678554760467534e+01
3.790313784089832438e+01
3.796584970030345829e+01
3.793876991905243301e+01
3.786187922931507899e+01
3.794085017257904013e+01
3.804780138115740584e+01
3.821081218054867179e+01
3.839635361290536508e+01
3.843457692132503922e+01
3.856896902136187322e+01
3.862862843762837173e+01
3.868021647206807501e+01
3.873307959643490506e+01
3.875306752963717827e+01
3.892722375630479092e+01
3.898902548580920069e+01
3.896894742083198082e+01
3.894305225718753860e+01
3.895964596345488218e+01
3.913597457203123753e+01
3.929883170823801919e+01
3.931416960309616115e+01
3.932360431152176261e+01
3.928423635168641681e+01
3.925221066336824549e+01
3.925384514172247918e+01
3.941045068213363578e+01
3.951823537994734181e+01
3.958349766886632182e+01
3.960042218577628148e+01
3.967687883628377676e+01
3.981931548773313523e+01
3.986288623862676417e+01
3.998124847751547151e+01
4.004628114164533059e+01
4.011398792158225035e+01
4.009812292131192635e+01
4.013055783145895106e+01
4.018413310762437618e+01
4.030965665487315164e+01
4.032379016052991005e+01
4.041892196786025693e+01
4.037644356644336341e+01
4.043416341077683995e+01
4.048767769833241204e+01
4.044013706113339168e+01
4.055567397651195449e+01
4.058894006320960557e+01
4.064410314368117128e+01
4.078134447281747299e+01
4.074061694843273074e+01
4.077194436265835975e+01
4.079184253471562016e+01
4.082852237968800324e+01
4.080182039303213770e+01
4.074425412021386705e+01
4.071894890708153980e+01
4.071256787068936944e+01
4.072365097786777000e+01
4.069551748026062654e+01
4.079009904851791646e+01
4.082773965830259755e+01
4.082096857436810922e+01
4.076896089676684198e+01
4.077445891581112392e+01
4.078985747602224876e+01
4.076413580659557567e+01
4.076214287931629343e+01
4.084297205879332893e+01
4.082318537462255392e+01
4.095027191190331450e+01
4.097934061588728838e+01
4.101804689705949869e+01
4.100037908193322522e+01
4.101045480882095262e+01
4.097034778398448651e+01
4.102092848625322574e+01
4.113537349224471740e+01
4.114172435266581118e+01
4.120981934045767048e+01
4.118564126917326007e+01
4.115779278102429117e+01
4.122842779588352613e+01
4.125798109799801239e+01
4.139500340478785745e+01
4.151496353462054856e+01
4.153441177176224386e+01
4.160514875450625283e+01
4.166906256810742093e+01
4.169369527525274322e+01
4.170430502805562156e+01
4.184071344781060020e+01
4.190070122760413085e+01
4.185766561889031578e+01
4.191727194503779685e+01
4.195171660983776007e+01
4.197043688035677178e+01
4.205561655664334353e+01
4.204892186283813516e+01
4.212115151437991756e+01
4.214733152480734901e+01
4.217726710408949486e+01
4.226472968210946135e+01
4.235685829746586251e+01
4.244954717013902723e+01
4.251785166649985115e+01
4.255279543446818735e+01
4.262880895271626969e+01
4.262123212457435528e+01
4.270431032134487737e+01
4.271559584270664800e+01
4.269913122787730231e+01
4.273542799659418279e+01
4.284427591037673011e+01
4.281534597149018140e+01
4.285744966657961186e+01
4.293717360745114320e+01
4.299198866133420438e+01
4.305536918257131163e+01
4.312494781632192087e+01
4.324521111725016453e+01
4.322010789947395182e+01
4.323071075150759413e+01
4.326114608323494792e+01
4.326143909663541365e+01
4.326836120681335984e+01
4.329730951248013326e+01
4.328248863477038810e+01
4.336512573969264395e+01
4.340274602777051882e+01
4.345592355508042459e+01
4.346841636114481844e+01
4.350997087378400607e+01
4.348522482572076342e+01
4.347650648212722047e+01
4.347911020453282305e+01
4.346486489522972363e+01
4.352461058903985247e+01
4.363003750469565034e+01
4.360073767470694861e+01
4.360717923359099046e+01
4.366818377571609489e+01
4.362783710551192939e+01
4.366359589299305810e+01
4.365748704383965872e+01
4.363394298111472835e+01
4.367120461505629692e+01
4.373283267971190469e+01
4.380976275785131691e+01
4.387925779154650741e+01
4.389073349454954354e+01
4.398950911833284749e+01
4.401094053250356097e+01
4.413257780789938067e+01
4.420064732179150724e+01
4.415801276445521495e+01
4.420670424670246490e+01
4.422795898999751074e+01
4.433543857280459122e+01
4.440540876457313857e+01
4.438605575257528812e+01
4.449163472637236794e+01
4.458676976043140172e+01
4.466942004368147678e+01
4.473704839387982446e+01
4.480923541515817732e+01
4.487747003847812977e+01
4.495512509024391079e+01
4.499418534832894068e+01
4.505826098367391808e+01
4.508054709419176476e+01
4.517521789276310074e+01
4.520306801249557083e+01
4.520315333990996010e+01
4.520672862156186511e+01
4.523107921967065437e+01
4.521618643592863407e+01
4.522487327828822146e+01
4.529375881954366179e+01
4.541721250022808931e+01
4.552605023806076900e+01
4.554262075318570879e+01
4.555697064664230567e+01
4.555040071795787071e+01
4.558982038714423624e+01
4.569235942344542423e+01
4.573077561004966185e+01
4.574399490343739672e+01
4.574974814585011984e+01
4.572830876105274456e+01
4.580390118893855345e+01
4.577796718140113796e+01
4.572738067804525741e+01
4.573775139107895882e+01
4.576899819180528084e+01
4.577625677168569496e+01
4.576600557057753349e+01
4.581638058990370865e+01
4.584838800868318032e+01
4.582967654571062610e+01
4.583587611767480752e+01
4.581604072905984992e+01
4.581656538936241674e+01
4.591455020999571701e+01
4.599714810193392367e+01
4.605863605092064006e+01
4.618503994113078193e+01
4.630288731318475470e+01
4.634702180503035862e+01
4.633939296680815545e+01
4.643056750852381498e+01
4.645313242463640080e+01
4.645916673817606579e+01
4.652883928557616855e+01
4.658893655370984987e+01
4.664957081195555588e+01
4.663149578832801012e+01
4.668203184181946597e+01
4.676946358950947769e+01
4.686453054139693108e+01
4.690607991262905330e+01
4.688951199225792266e+01
4.694741253428492911e+01
4.706391039561209766e+01
4.711825650156735179e+01
4.720480879133005203e+01
4.719847641552738793e+01
4.720019971540119741e+01
4.731861036249804187e+01
4.730603598068322668e+01
4.731246532031387630e+01
4.732612528734340884e+01
4.734120106899323588e+01
4.734213589913372289e+01
4.739439379883228298e+01
4.737379932854647535e+01
4.741965433120510909e+01
4.748846934829029465e+01
4.751058836251431217e+01
4.759087566577446893e+01
4.757373104302948974e+01
4.758698390887332863e+01
4.767926515928282072e+01
4.774527291610208835e+01
4.783436495511681130e+01
4.786282489166649157e+01
4.787803610253816089e+01
4.787146658495806406e+01
4.795214428723419076e+01
4.804139355508788611e+01
4.809829451869995154e+01
4.819340413694041558e+01
4.825736999752550105e+01
4.832362794485294444e+01
4.830867865614041534e+01
4.830091447361679968e+01
4.835469776655939711e+01
4.838185662323591885e+01
4.842194189869605481e+01
4.847397139187084036e+01
4.859071490588074482e+01
4.866606046212981340e+01
4.863026803131414511e+01
4.863243522510649086e+01
4.871337079492091249e+01
4.872041427886116338e+01
4.873743767831408036e+01
4.879619696113956451e+01
4.884646507760132295e+01
4.889040019145219418e+01
4.888556625926781862e+01
4.894718349620359277e+01
4.896190221552366495e+01
4.900519192425482373e+01
4.900171378138467304e+01
4.898395437863375435e+01
4.897754284197776542e+01
4.902583912504768193e+01
4.904018932005959641e+01
4.911947555317355807e+01
4.911547893716453217e+01
4.912625002255445139e+01
4.920448985114788343e+01
4.928554535124737868e+01
4.930658049854544345e+01
4.941185716862131017e+01
4.944589668387371972e+01
4.949892936772045715e+01
4.951978893600784204e+01
4.959893577163168032e+01
4.958675038702069315e+01
4.960214136452839284e+01
4.959831788955325038e+01
4.966703055673046663e+01
4.974710164790068490e+01
4.978938037753487578e+01
4.976337225131280206e+01
4.985696406118484703e+01
4.983886956561654102e+01
4.986910498829474392e+01
4.990051842448107067e+01
4.999032247676048968e+01
4.998159132889485790e+01
5.001681953971779393e+01
5.007594135336987762e+01
5.011216057683449066e+01
5.015848371970664488e+01
5.016098825924305515e+01
5.013681256655439711e+01
5.022149015452701803e+01
5.026173987821437805e+01
5.025478603832654301e+01
5.030851935676123787e+01
5.028220336819632053e+01
5.028922193703160559e+01
5.027128396012206224e+01
5.027536780807366767e+01
5.036122018068567030e+01
5.037856693580908285e+01
5.040050940567072502e+01
5.043550060756718523e+01
5.042648039960148765e+01
5.048346414863456033e+01
5.049321058347558022e+01
5.052439512518586895e+01
5.061971324338686884e+01
5.064435780811083987e+01
5.066622214546089253e+01
5.063125559936090525e+01
5.067405146886378020e+01
5.069371104088717317e+01
5.069590363007598910e+01
5.074074388053552553e+01
5.081506900233180346e+01
5.088691338964164146e+01
5.097902291795207930e+01
5.098799258108740418e+01
5.098908843563589244e+01
5.096656136784312707e+01
5.094734138599524442e+01
5.102929051019800255e+01
5.105488583243811007e+01
5.106190829614825333e+01
5.116192229227348776e+01
5.114213049535950262e+01
5.113684183811355410e+01
5.120835757399385813e+01
5.122184406057080963e+01
5.122706579753989331e+01
5.130547606584492115e+01
5.140705335746724813e+01
5.143169512515108721e+01
5.148736023923848393e+01
5.151027663639049337e+01
5.150146824905225174e+01
5.154376745085453138e+01
5.152690412058510105e+01
5.154153489466319371e+01
5.162699369639566527e+01
5.171514967479458846e+01
5.171065650394866964e+01
5.174309523419780987e+01
5.173234038983037664e+01
5.180300206242577588e+01
5.185014573911966806e+01
5.188282048452940387e+01
5.196441268426439564e+01
5.196440164134450157e+01
5.198186294076517555e+01
5.205291322261722087e+01
5.210657871146831610e+01
5.209857487204715909e+01
5.217230572208991646e+01
5.218922908895358859e+01
5.220966286753767349e+01
5.224678940876515298e+01
5.225587201479675059e+01
5.233647077422576643e+01
5.233424655092636613e+01
5.232482652884330321e+01
5.235156457720685808e+01
5.241664760725360139e+01
5.240478812661379493e+01
5.245629184027180969e+01
5.248125606675329635e+01
5.252789175726001503e+01
5.254802490209497989e+01
5.257139288349525685e+01
5.259709005678644189e+01
5.263088195517482148e+01
5.264127669095710615e+01
5.270170395960721521e+01
5.271327280531366455e+01
5.272907559790914434e+01
5.275576908734749537e+01
5.277994815117724414e+01
5.286111253253520914e+01
5.287652641053480096e+01
5.290495895879468691e+01
5.291589072759180823e+01
5.298424469069611575e+01
5.301109450715819094e+01
5.308317893733343595e+01
5.317281400905485356e+01
5.319663357254510316e+01
5.321318292651028514e+01
5.320726465836337127e+01
5.321636950568556301e+01
5.328042479716138047e+01
5.326368143872289806e+01
5.330295563049130436e+01
5.335578920896532651e+01
5.334614471695209659e+01
5.343322875568006225e+01
5.352850206482468565e+01
5.353465747678720277e+01
5.357726130371718654e+01
5.366300232258406311e+01
5.368254188097616719e+01
5.370131594781766893e+01
5.366779863381746196e+01
5.367039805196314717e+01
5.372947383902356222e+01
5.377735423454301156e+01
5.382350434251274862e+01
5.383565982327210264e+01
5.388697313641663555e+01
5.393800874722023764e+01
5.396179357826446221e+01
5.401911534974518503e+01
5.402140548133031217e+01
5.407548546897858444e+01
5.407828760593234563e+01
5.410341468195288428e+01
5.409741424711619118e+01
5.414653678406607895e+01
5.420252008554954415e+01
5.417111665484983263e+01
5.413798675286421513e+01
5.418400215513564433e+01
5.418908891842437470e+01
5.422507907093279300e+01
5.420577456238581249e+01
5.428116530054202826e+01
5.429700797259093292e+01
5.435080763685436978e+01
5.435045023794168628e+01
5.434281920721904413e+01
5.440184411352312566e+01
5.447516693767924778e+01
5.445859167423796521e+01
5.454727070016271284e+01
5.460230773353588773e+01
5.461623701502953310e+01
5.463151095664977674e+01
5.468190856337294292e+01
5.469191492718889691e+01
5.466481436442817454e+01
5.470878570511067096e+01
5.470850972037639082e+01
5.476386257825932091e+01
5.484164343808496511e+01
5.480872308229058376e+01
5.479824009865883738e+01
5.488178012933762773e+01
5.494590123597137676e+01
5.502155882792933284e+01
5.502462765186325555e+01
5.503691073964396452e+01
5.510670201446097138e+01
5.516507819004772273e+01
5.521962089180481570e+01
5.524562178118581812e+01
5.526390314945970772e+01
5.531228728507531400e+01
5.533102327588790104e+01
5.531042763388384031e+01
5.531196237055856813e+01
5.537022008685811159e+01
5.543581920772792415e+01
5.550288775403416963e+01
5.555671067945105790e+01
5.562695317218886970e+01
5.560677956924044452e+01
5.563829394821588892e+01
5.568485961896829650e+01
5.566121689167168540e+01
5.566538726502835743e+01
5.571793674570802324e+01
5.573799657892202930e+01
5.574748983506156463e+01
5.575523139078250523e+01
5.583801665669705017e+01
5.587237318210590331e+01
5.589985994831388894e+01
5.592877338285075695e+01
5.599830246379723775e+01
5.602940504489597373e+01
5.607999360866470084e+01
5.611269508928928218e+01
5.616584871495437170e+01
5.617286734979013829e+01
5.624199481173974391e+01
5.624841053822496661e+01
5.624283513259738498e+01
5.624545196885771503e+01
5.625016347294889130e+01
5.629972739047479280e+01
5.631309950729804115e+01
5.629119209561545745e+01
5.632916672026106397e+01
5.635620064536279727e+01
5.634829513025589875e+01
5.635330139933677174e+01
5.639339238435540125e+01
5.644356098452353621e+01
5.651822648993870501e+01
5.654622908105729806e+01
5.653806839560641606e+01
5.660316133567111052e+01
5.669494300157477795e+01
5.677135067400891444e+01
5.681197465813957592e+01
5.684101920726021007e+01
5.690547026329878122e+01
5.690445576136077932e+01
5.698416078911693461e+01
5.701464500651728429e+01
5.705647022690092740e+01
5.707125048161202585e+01
5.707966973478670525e+01
5.714704657110655717e+01
5.715059541145953403e+01
5.722166086592882550e+01
5.729444201163199324e+01
5.729254424481074182e+01
5.737077438560812226e+01
5.740411068665051886e+01
5.747017569140223259e+01
5.753118820892087371e+01
5.753593550277165747e+01
5.758092221211304462e+01
5.761443245505565613e+01
5.764396090833550090e+01
5.770010287671526328e+01
5.771115120753572114e+01
5.774918634835941589e+01
5.779119826100467350e+01
5.784390244759374156e+01
5.788213628821876711e+01
5.789991058995497752e+01
5.793962973130618366e+01
5.801037242903717583e+01
5.804476889746840129e+01
5.805466255560077826e+01
5.810603335074944198e+01
5.810157800278724949e+01
5.812183661216882768e+01
5.815648972549855955e+01
5.822648844415726899e+01
5.827340415839920240e+01
5.825655814461328674e+01
5.830351749189448896e+01
5.833054317553304458e+01
5.839652906601318705e+01
5.839112239391354109e+01
5.837531324881977923e+01
5.838072313641706756e+01
5.842206822895327178e+01
5.842735837397601983e+01
5.843807806789742187e+01
5.842293178058316272e+01
5.849113148019748110e+01
5.856139485967229774e+01
5.857577903993541923e+01
5.863859004440524103e+01
5.868933412045100084e+01
5.871442234378686464e+01
5.874886699414314251e+01
5.881556466860137533e+01
5.881373529204205397e+01
5.884231371116848663e+01
5.886567019713283599e+01
5.891384696440281488e+01
5.895880571722000241e+01
5.898039878623800547e+01
5.897726108732030070e+01
5.905704509494749743e+01
5.913110598438806420e+01
5.915966376646898084e+01
5.916451135148552964e+01
5.924169766507979062e+01
5.931679639822842631e+01
5.931506758331513396e+01
5.934108217183439393e+01
5.935368673266660267e+01
5.937583140326403708e+01
5.942919731094784908e+01
5.947973948497667607e+01
5.948154113996052672e+01
5.952534133214586376e+01
5.954704018857501779e+01
5.959883646273947733e+01
5.966967686326864850e+01
5.968723670817521310e+01
5.973826381819554854e+01
5.976277197237247663e+01
5.973164514778300571e+01
5.973698771927467277e+01
5.974816363205907521e+01
5.980003638021317869e+01
5.985800589961957030e+01
5.991626528461191015e+01
5.993994723670516578e+01
5.994217998269279235e+01
6.001892671322319472e+01
6.002618683190252113e+01
6.008414963726741576e+01
6.013309489819626918e+01
6.016019802168675312e+01
6.023053090591925240e+01
6.025832789759122932e+01
6.030282057042211363e+01
6.036481989450565777e+01
6.037870853387377679e+01
6.042758450951033211e+01
6.045795778202198534e+01
6.051611849050217273e+01
6.058596209451833658e+01
6.064760499185982212e+01
6.070173541821253593e+01
6.072836744949653820e+01
6.074628984105470408e+01
6.081449044543062143e+01
6.085514682207450932e+01
6.084406651832463808e+01
6.090371318385896160e+01
6.089887178572070070e+01
6.094733071000161573e+01
6.097764852888411014e+01
6.101915541277583799e+01
6.104942516966523414e+01
6.108940494862738291e+01
6.115133058353943341e+01
6.120302444426440047e+01
6.124877613372805030e+01
6.128809002989893884e+01
6.130261818749200131e+01
6.134358420309029469e+01
6.137964277408874381e+01
6.141346630264561668e+01
6.142024987886880893e+01
6.143253486667770602e+01
6.149880250827917649e+01
6.156124672767125361e+01
6.159366281616331662e+01
6.163970102567277110e+01
6.161446700325398496e+01
6.164040229415777361e+01
6.164603222609115818e+01
6.167607006517608426e+01
6.171508199844929976e+01
6.175579077643774184e+01
6.181085261097549477e+01
6.182153285513710728e+01
6.185125161366096336e+01
6.189259964261611913e+01
6.194638090230282756e+01
6.195305170824161678e+01
6.196917813473258718e+01
6.197933390184310554e+01
6.197661104353306172e+01
6.199475648714452092e+01
6.200682590975174691e+01
6.200874413960816867e+01
6.203282267239108450e+01
6.209944490651896132e+01
6.211368643748101448e+01
6.214820754771935896e+01
6.219778490326797282e+01
6.223996742021728323e+01
6.230322919717059449e+01
6.234424802008690136e+01
6.240533990732666325e+01
6.241765265487935466e+01
6.242175322252553116e+01
6.247996708229788965e+01
6.248489437790829726e+01
6.250642277443552786e+01
6.256131555776399011e+01
6.259767683533479499e+01
6.259200695403963266e+01
6.263694545498895394e+01
6.269747498941351438e+01
6.272560341556720687e+01
6.271716576043790070e+01
6.273986223522719996e+01
6.279465733667678506e+01
6.279748484240429462e+01
6.282969768489997620e+01
6.281183329347175004e+01
6.283409543570890321e+01
6.288809321005190611e+01
6.293854951178209234e+01
6.297727348606595399e+01
6.297151390732243925e+01
6.300444364948652520e+01
6.301005876775209202e+01
6.304716489942968138e+01
6.306352105524163676e+01
6.308168056030411464e+01
6.311854469202130247e+01
6.311780685201822649e+01
6.314509915848102395e+01
6.315783638908052922e+01
6.318884686205846890e+01
6.316853604039334869e+01
6.317669764176790181e+01
6.324019588299137951e+01
6.325577432892385588e+01
6.325686184444437998e+01
6.329248812286080295e+01
6.331789379800274986e+01
6.338159298443258649e+01
6.340426397699494032e+01
6.338704004328594976e+01
6.344954855302110985e+01
6.346526879916639530e+01
6.346931857420945278e+01
6.348740807213974335e+01
6.354033860510102727e+01
6.355118340741517358e+01
6.356229794539463285e+01
6.354827408262791266e+01
6.356509631792682313e+01
6.355415275282966547e+01
6.356019031505582717e+01
6.361848319834277987e+01
6.364471102476714037e+01
6.362186480954608925e+01
6.360902541111642705e+01
6.362992987781885290e+01
6.367295391966889184e+01
6.368021071639675057e+01
6.369270957800237198e+01
6.373539834212655109e+01
6.372999146080436361e+01
6.376222683878575026e+01
6.376616765706556578e+01
6.382485446321855704e+01
6.386834687636820718e+01
6.389827513835026451e+01
6.394558619803684962e+01
6.395242360526936665e+01
6.397157027036536903e+01
6.401302854362897676e+01
6.403556822321564823e+01
6.404357356488790742e+01
6.410551604671177017e+01
6.413862677554566005e+01
6.417135092444571853e+01
6.418093812324384828e+01
6.423603647456016574e+01
6.430973988630837823e+01
6.433818093170690133e+01
6.437615032290699446e+01
6.440226266680356559e+01
6.439796321067865392e+01
6.439981434100214130e+01
6.443195571954998968e+01
6.444401652808032566e+01
6.447575778345166952e+01
6.453381512087220528e+01
6.454477143349193113e+01
6.458770841211682523e+01
6.461999919323208985e+01
6.460208589603922746e+01
6.458940037317937310e+01
6.460771818858795257e+01
6.464280292458370525e+01
6.465320543100965267e+01
6.468955831300384318e+01
6.473371403929013468e+01
6.474819712466447186e+01
6.478409631504239030e+01
6.482443544825460435e+01
6.482143056043041440e+01
6.486477470855874117e+01
6.487733011599493693e+01
6.489861701458781340e+01
6.490738974997361765e+01
6.491857349762045715e+01
6.491748379612303665e+01
6.491014956157462734e+01
6.493622197210940783e+01
6.493842530495433607e+01
6.498356176641868842e+01
6.504963131860235137e+01
6.507814490602352464e+01
6.514012925684065181e+01
6.518706527609877810e+01
6.520567726742505954e+01
6.524259604906511356e+01
6.527163533375860993e+01
6.526228174246870140e+01
6.529741237299016632e+01
6.534122117936883001e+01
6.538402215999208522e+01
6.544056234694271268e+01
6.545501079661987376e+01
6.547887050896731864e+01
6.547336373515122432e+01
6.549378485559847718e+01
6.549602971864906920e+01
6.551641566167045028e+01
6.556852392594416301e+01
6.560586787862312974e+01
6.566504731387510674e+01
6.568802792484378017e+01
6.571997597023296578e+01
6.575843908434251261e+01
6.577026951023935908e+01
6.577522282438702916e+01
6.581369624524643314e+01
6.581176930249952761e+01
6.582934506828571841e+01
6.585974944040651735e+01
6.587752541309669141e+01
6.589305550945714174e+01
6.590583285300877492e+01
6.594942402528553771e+01
6.598286298718603859e+01
6.601944302702516154e+01
6.601710208094968380e+01
6.604149991978489709e+01
6.607178493583447221e+01
6.608473733750294343e+01
6.606544659646706918e+01
6.610773296566718216e+01
6.614659117910530028e+01
6.617365916010565741e+01
6.622354961492300163e+01
6.625985420725343999e+01
6.629418943574454204e+01
6.630745041324296096e+01
6.629854334823177453e+01
6.631736621055942749e+01
6.634597567220305336e+01
6.635761104451015058e+01
6.638659485648973657e+01
6.645346876243772272e+01
6.647600786395126704e+01
6.650153864979796481e+01
6.653563929033242630e+01
6.655431215669999290e+01
6.660189727912874957e+01
6.661137813577863653e+01
6.664068157340688003e+01
6.665357291140443863e+01
6.671591299432782307e+01
6.672710272138350263e+01
6.674991805686731539e+01
6.677487056367615992e+01
6.679670734844030733e+01
6.680828573283723415e+01
6.683747298051991947e+01
6.688999211514386900e+01
6.689120639873640073e+01
6.692511518834319872e+01
6.697643086935360657e+01
6.701325510393414220e+01
6.703736187239236699e+01
6.705253914888075428e+01
6.708347416988991085e+01
6.709890162440963479e+01
6.712989920262080545e+01
6.712978184883948529e+01
6.714742524731843787e+01
6.717897534569291906e+01
6.718643459137049945e+01
6.720622932397058946e+01
6.723591568606032354e+01
6.726957284009026239e+01
6.730606842150926639e+01
6.729490252481625134e+01
6.729703381526528005e+01
6.730290551826864487e+01
6.732839070991732910e+01
6.735892680434680813e+01
6.735851535720030370e+01
6.737947612042781032e+01
6.739421604762213747e+01
6.743916902325960905e+01
6.745097303975390446e+01
6.748026786857197123e+01
6.749043445330296720e+01
6.749445134509734601e+01
6.751724635860124124e+01
6.753026863093455745e+01
6.753349008276687471e+01
6.758940836236119765e+01
6.764134347542896819e+01
6.767603618428833556e+01
6.770316741767106805e+01
6.773449782507388761e+01
6.773794908440805784e+01
6.774443781155754607e+01
6.774305921913172313e+01
6.774926391839140649e+01
6.775771869507329370e+01
6.774927687503071638e+01
6.779533114101781166e+01
6.784736728653705029e+01
6.787198668919999989e+01
6.786862801037680981e+01
6.790249497664639478e+01
6.794247181844431793e+01
6.794756160140600798e+01
6.795232826888884858e+01
6.796381634941442940e+01
6.796578537884302307e+01
6.799478968337716367e+01
6.803951330978864576e+01
6.808251631354171707e+01
6.811785904026061189e+01
6.815080089826929566e+01
6.817221980873360110e+01
6.818573736202615976e+01
6.821193167582686101e+01
6.821542484063236600e+01
6.825520751832578981e+01
6.826891205444249522e+01
6.832620774690707321e+01
6.836598964162509162e+01
6.837558288833118070e+01
6.837158438517158743e+01
6.842916903434357323e+01
6.845772471826651895e+01
6.848604844365674182e+01
6.849910559959492673e+01
6.853638154113495773e+01
6.856463306579141204e+01
6.860413233892698770e+01
6.860005345760603745e+01
6.863391233679031700e+01
6.864567103451123842e+01
6.865383272495546407e+01
6.865729461500843911e+01
6.868765989894889401e+01
6.869490720410126983e+01
6.868840024364450869e+01
6.869721858105215517e+01
6.872644574686205488e+01
6.871850313789242648e+01
6.873672673292882962e+01
6.875521242576532188e+01
6.875844894462620971e+01
6.878362409627993657e+01
6.877708089712575656e+01
6.879134234514526725e+01
6.884208958652193644e+01
6.884192143685415033e+01
6.890198438133496950e+01
6.894363901575313491e+01
6.894691554643338804e+01
6.897241219469680118e+01
6.899052969064558738e+01
6.904605610110324676e+01
6.905740739139170614e+01
6.904980405375474106e+01
6.909538620718913648e+01
6.910638955988888199e+01
6.915677201559019238e+01
6.917358757802318792e+01
6.917499149489779597e+01
6.920927244762951602e+01
6.925453332924263350e+01
6.929272194551991504e+01
6.933268241063844073e+01
6.933013340793419843e+01
6.937032950464300995e+01
6.936718904624038373e+01
6.940341221322228193e+01
6.942340232585027593e+01
6.945839793038814491e+01
6.947605222078433940e+01
6.950058661867704757e+01
6.949912279476455979e+01
6.953665399980174300e+01
6.956699443174031217e+01
6.957634996120592064e+01
6.958978697281099812e+01
6.960093346363298394e+01
6.963926892111504685e+01
6.966219460468016678e+01
6.971911951050441303e+01
6.973674172995691833e+01
6.974310062675577626e+01
6.976602718515685808e+01
6.977946395938262469e+01
6.978153450070489328e+01
6.980762853109519028e+01
6.980231597120298659e+01
6.983457333995021088e+01
6.984497918890933477e+01
6.989660227396947789e+01
6.992166125089269713e+01
6.992053556271855541e+01
6.992899475263848785e+01
6.993109561848851286e+01
6.998130732701879708e+01
6.999532259483365237e+01
7.003953330639835428e+01
7.009453249039815148e+01
7.011623564789049112e+01
7.016226314766535666e+01
7.021548305207410579e+01
7.022257908783628011e+01
7.023089397615260054e+01
7.026377484759950676e+01
7.027534834498358407e+01
7.031528007938005942e+01
7.036324068229247075e+01
7.038558393133340019e+01
7.040437342451735958e+01
7.042850346762317315e+01
7.045693703180401712e+01
7.049303976658210047e+01
7.051016242198856787e+01
7.052816779937185743e+01
7.053818732018066839e+01
7.055734930310519815e+01
7.059203219989245781e+01
7.060902158730239364e+01
7.063412250716953622e+01
7.065008419505625170e+01
7.067229048714180806e+01
7.069035631938866970e+01
7.073236878402215666e+01
7.074851569516970073e+01
7.076619373807326951e+01
7.078935179688484425e+01
7.078146717256525733e+01
7.079604670042792236e+01
7.085058839140091891e+01
7.085315073005517661e+01
7.088253284601518089e+01
7.088357692090316675e+01
7.093266648308382116e+01
7.094331939244810314e+01
7.096142768378025778e+01
7.098772367915239556e+01
7.101105183537531218e+01
7.100006037156572347e+01
7.101796167543346883e+01
7.104058166334635871e+01
7.108244985551961292e+01
7.110047293135009738e+01
7.113230198085632594e+01
7.114642580284615292e+01
7.116283679268683215e+01
7.117462066075053428e+01
7.118762538569963283e+01
7.122688470529786287e+01
7.122933712297961506e+01
7.126407226736841949e+01
7.131439172754789979e+01
7.135433943756171971e+01
7.138787523612296582e+01
7.140343406056896924e+01
7.142076621886818089e+01
7.141563584400071818e+01
7.143657404405136901e+01
7.148126325422110483e+01
7.150551585752512551e+01
7.150443283209220624e+01
7.154232852083455896e+01
7.158924881811537944e+01
7.160062736777716452e+01
7.165136675783763565e+01
7.168166597212642444e+01
7.171706376368325664e+01
7.172451761738622622e+01
7.175229424854097715e+01
7.180194900452985962e+01
7.182436911556516179e+01
7.186282136640777196e+01
7.189884692948619715e+01
7.190594719345854458e+01
7.191955760732075476e+01
7.193200116949235223e+01
7.196306905969794343e+01
7.201151532162376157e+01
7.202739161597034467e+01
7.203277496819826808e+01
7.206240281965423833e+01
7.209865589567259292e+01
7.211416914624498986e+01
7.213645204120636834e+01
7.213728129477264872e+01
7.215475098547773314e+01
7.217396629111135553e+01
7.222816689192410422e+01
7.226786776429285908e+01
7.226504312656409468e+01
7.231697540813627256e+01
7.234135943099461485e+01
7.237014612109076950e+01
7.239964117687219414e+01
7.242698392874888214e+01
7.245258867762080968e+01
7.249916169325749138e+01
7.252712031659226000e+01
7.255106975162495075e+01
7.255546614144209627e+01
7.257082990760986263e+01
7.262447817817444218e+01
7.262319472286404221e+01
7.267246579270904761e+01
7.267330102948938020e+01
7.271667794181597344e+01
7.277272106548952024e+01
7.280597321185508974e+01
7.281384243839966075e+01
7.282607689107103965e+01
7.283001760048946949e+01
7.284981745145573484e+01
7.284633826333178774e+01
7.284927639298192048e+01
7.285383596618942192e+01
7.285923745273446173e+01
7.287050268150349552e+01
7.289625130513678641e+01
7.291132181837488702e+01
7.293489358871003958e+01
7.294055963844009227e+01
7.294600700109609193e+01
7.299260879566509175e+01
7.302247609112392013e+01
7.303783214529586587e+01
7.303272848208955281e+01
7.305077762856858214e+01
7.307262565318734460e+01
7.310410945189933329e+01
7.311694843867654470e+01
7.313475541424701021e+01
7.313293098177786078e+01
7.314633535717916857e+01
7.315504697300754344e+01
7.317464831949968129e+01
7.319482313998216227e+01
7.318298531409529062e+01
7.318302812133865132e+01
7.319404185311840649e+01
7.319410230775653758e+01
7.321641133108813904e+01
7.324006749022515805e+01
7.323145561228834310e+01
7.325754287632936723e+01
7.329215443105802308e+01
7.331833245325323389e+01
7.334992962405024741e+01
7.334894516694755850e+01
7.338048173072179736e+01
7.339917603965827197e+01
7.343851452052844309e+01
7.348616367152729367e+01
7.353492459322617947e+01
7.354584451338908480e+01
7.356134624001151678e+01
7.360030444026446617e+01
7.362976399888111700e+01
7.367412715371536081e+01
7.372338824473685293e+01
7.373085103770863213e+01
7.372662532067106156e+01
7.373515353297187858e+01
7.374561434300885310e+01
7.376737275954660333e+01
7.376804856662195675e+01
7.379090481344593400e+01
7.380685094298716820e+01
7.382603650209803448e+01
7.384548493008432501e+01
7.384301002757358390e+01
7.385616052442190949e+01
7.386581514945709159e+01
7.388082681718468336e+01
7.391526234968917208e+01
7.393415612330005615e+01
7.397816128847452433e+01
7.397251522002662227e+01
7.401069582739170016e+01
7.404002210191072209e+01
7.407362176470567761e+01
7.412100511700003835e+01
7.415017257928457184e+01
7.415557315596582555e+01
7.420110750588605697e+01
7.423006922165130561e+01
7.425535460528406873e+01
7.427494768992777097e+01
7.428085424673284365e+01
7.430265869791264777e+01
7.435661247257780815e+01
7.439506685152862531e+01
7.444766961576382869e+01
7.445745220034251588e+01
7.449560069235910476e+01
7.451448181181761754e+01
7.454741124290325160e+01
7.457938912814623222e+01
7.460270586015631977e+01
7.464655203434750774e+01
7.466102221610292133e+01
7.468052653808888408e+01
7.468435927640460648e+01
7.472506401987052982e+01
7.475597837277953772e+01
7.477246557366837010e+01
7.481319526742845483e+01
7.483606014557909702e+01
7.487740480886282057e+01
7.491909981014850928e+01
7.494891697951256049e+01
7.498218165104781008e+01
7.501054269018483467e+01
7.503210225439151770e+01
7.505454975420811081e+01
7.508646840458091276e+01
7.510765990017723936e+01
7.512043818133793138e+01
7.512088981763469064e+01
7.515352443939082150e+01
7.520147724212937135e+01
7.524528870251283763e+01
7.526970576326299067e+01
7.527301525861027187e+01
7.527417166048269337e+01
7.526408258239705162e+01
7.526939086557867142e+01
7.527113286517742097e+01
7.529545682722533684e+01
7.533010346934688073e+01
7.535154939714388433e+01
7.537821945140125024e+01
7.538640494043966100e+01
7.539922137153649828e+01
7.541998504559438743e+01
7.541707453378793957e+01
7.544242020181609121e+01
7.545365871213898856e+01
7.546510268361556939e+01
7.550866764886085036e+01
7.552613306975077023e+01
7.557090117782641414e+01
7.558199214916014341e+01
7.562976882272106138e+01
7.566746996895433597e+01
7.571502252378667208e+01
7.572788552776626148e+01
7.576373016779331238e+01
7.579450120993611506e+01
7.581719786288549301e+01
7.582246089174003600e+01
7.584255388491858696e+01
7.587010185579191557e+01
7.590579784200464530e+01
7.592666030794619303e+01
7.595263307835017486e+01
7.599480447904966240e+01
7.602846627279791392e+01
7.606858357811810833e+01
7.611368354570879546e+01
7.612128098967383494e+01
7.611749546729802773e+01
7.614410674796168621e+01
7.618103453612168607e+01
7.620922623439751931e+01
7.624602712179866160e+01
7.626002288285397412e+01
7.628788239184073916e+01
7.633034648708155601e+01
7.636110620889418499e+01
7.639009643439057129e+01
7.639950453988552681e+01
7.643075051126319863e+01
7.643608065434230525e+01
7.647315163071937150e+01
7.647224185577117339e+01
7.648803493715045931e+01
7.650213767416424560e+01
7.649534205172406587e+01
7.652727981956843450e+01
7.654674194847413560e+01
7.658932445319437932e+01
7.659910498821072622e+01
7.662548998283688206e+01
7.664774936926401949e+01
7.668430085024694165e+01
7.673296946836238419e+01
7.676037825928524683e+01
7.677485885034681701e+01
7.677507612763707812e+01
7.681541788410753213e+01
7.684274193630754723e+01
7.687751547112560502e+01
7.689644310716928999e+01
7.693668958175159389e+01
7.697478165450554854e+01
7.700468098086032853e+01
7.701462362841613185e+01
7.702674225686520515e+01
7.704972147872268806e+01
7.705526784257165218e+01
7.706115709599281161e+01
7.710505830061825350e+01
7.711646507502591419e+01
7.713715742357986471e+01
7.715924356423450092e+01
7.715619210057388955e+01
7.715627073375215161e+01
7.719815822801905369e+01
7.719680709420607911e+01
7.722690534944585750e+01
7.724564427290125934e+01
7.726754462691573622e+01
7.730705237107767402e+01
7.732619076038311334e+01
7.736223973320957725e+01
7.735972823158721212e+01
7.737954070092877146e+01
7.741356767867925726e+01
7.741798628544751182e+01
7.744004891039489280e+01
7.743926998441008891e+01
7.747098029448611101e+01
7.748722852549634865e+01
7.750695187729903068e+01
7.751544424383554599e+01
7.753002165298137527e+01
7.756075444622756265e+01
7.760239078131834844e+01
7.764295070498741325e+01
7.766549828310982662e+01
7.766976534824719636e+01
7.769009186709766368e+01
7.769724286826686921e+01
7.772658515995370010e+01
7.775919290506099912e+01
7.778058752934521181e+01
7.781944494410610957e+01
7.786114169985587807e+01
7.786393502368383679e+01
7.787513312933589305e+01
7.790885689083695809e+01
7.794621293654108740e+01
7.796821798285520799e+01
7.798140294339694378e+01
7.799745271036771044e+01
7.799140995816982525e+01
7.800509906971966245e+01
7.804377938584742935e+01
7.806707343045086134e+01
7.810547960000295120e+01
7.812466606775227262e+01
7.815732431941466984e+01
7.817785394809681065e+01
7.819955319457645260e+01
7.822711871252344906e+01
7.826281734941640877e+01
7.829443540223027753e+01
7.833839386875325772e+01
7.835657147500459985e+01
7.839587129815492972e+01
7.844722202378238762e+01
7.845915184683660470e+01
7.846650953535268513e+01
7.848105355274422834e+01
7.849483351240264994e+01
7.853136370147886680e+01
7.854097034760005158e+01
7.859035361690497723e+01
7.860445499612005449e+01
7.863366452545140817e+01
7.866445241171268776e+01
7.868747302065398230e+01
7.872584401323079817e+01
7.873783917129112808e+01
7.877150413584878663e+01
7.877665836767229735e+01
7.879618343287960158e+01
7.881421780974802971e+01
7.884736844048093474e+01
7.887728859506042056e+01
7.890252374231292265e+01
7.891436579193418765e+01
7.893596965130289789e+01
7.893693122010290608e+01
7.894334542805110289e+01
7.897397735632308979e+01
7.900554391529743725e+01
7.904416710985023542e+01
7.905272670349818043e+01
7.905592490210612766e+01
7.907910944595509761e+01
7.910806451095557179e+01
7.912374377116316282e+01
7.916154193864679200e+01
7.917402871538826048e+01
7.921271891304199642e+01
7.922166739015803216e+01
7.923103126383337269e+01
7.926327400162068670e+01
7.928702265152251982e+01
7.930732071470484357e+01
7.932829731433812981e+01
7.936193578040565910e+01
7.939381662051846433e+01
7.940390518535812703e+01
7.944372410792338712e+01
7.947016431803905334e+01
7.950811302998053520e+01
7.953438396837550783e+01
7.954909730911404608e+01
7.956349292129746686e+01
7.958041693128912186e+01
7.959009649818892740e+01
7.961856332594098262e+01
7.966031194794754811e+01
7.969726995553523352e+01
7.972251333026375164e+01
7.973613897213358825e+01
7.977166214901968999e+01
7.978002292798393569e+01
7.980904897131883047e+01
7.982741836635850063e+01
7.986721677097870042e+01
7.989904057924174197e+01
7.993133282194330036e+01
7.996749640052281904e+01
7.999736332985865772e+01
8.000665297968417633e+01
8.000907275491044857e+01
8.004984848442987300e+01
8.005708650573544105e+01
8.007209812118796322e+01
8.011127029456612547e+01
8.015087707838293341e+01
8.019648299626170740e+01
8.019446977404325594e+01
8.021314417029942945e+01
8.022202212934928411e+01
8.026438376594698809e+01
8.027393290208597421e+01
8.031112888073792533e+01
8.033455754113548153e+01
8.035645325891161406e+01
8.037621617236403893e+01
8.040212029061933663e+01
8.041143597553912059e+01
8.042167735828861908e+01
8.044427744015828807e+01
8.047583944765780473e+01
8.049954010482943545e+01
8.052674328668257431e+01
8.055238074186543429e+01
8.057541218590070287e+01
8.060514693733939851e+01
8.061645547074849105e+01
8.062168687972270220e+01
8.063318880162829316e+01
8.063183306092341240e+01
8.064484391831639698e+01
8.067355875054387582e+01
8.068537207863921878e+01
8.071599737057391621e+01
8.071548073699015902e+01
8.074225221513684403e+01
8.073963553707571350e+01
8.074160205109812694e+01
8.076178895835889193e+01
8.078564017224171323e+01
8.081215457841180694e+01
8.083689698507141941e+01
8.084480698166764512e+01
8.086370207386737263e+01
8.089339302436309254e+01
8.092857882623276566e+01
8.096194081864575764e+01
8.100366292320227046e+01
8.101742779163839714e+01
8.105909419444516573e+01
8.107991906058991560e+01
8.110052503217126230e+01
8.110727179733768821e+01
8.112131271757228035e+01
8.116203106779852305e+01
8.117652103708861944e+01
8.120968159571886247e+01
8.124941077598946038e+01
8.125932296328606697e+01
8.129987814311910199e+01
8.133593880369832618e+01
8.135044765934894428e+01
8.135856130737596459e+01
8.139569220272586847e+01
8.140312305732352627e+01
8.140267729276465047e+01
8.142635862346051567e+01
8.145401976308535552e+01
8.146650551163446607e+01
8.149002787545460080e+01
8.151399748545843238e+01
8.154258216335804832e+01
8.156587745611474816e+01
8.160585699034301399e+01
8.161462446149364780e+01
8.164212598704345680e+01
8.167375528497524328e+01
8.171448623815457779e+01
8.173626707422143056e+01
8.176731029459324418e+01
8.179104735608279952e+01
8.181965044650519303e+01
8.181790165620721211e+01
8.184986937931782336e+01
8.187590676782347998e+01
8.191631122789397068e+01
8.194310692726207890e+01
8.195301711643340070e+01
8.198627050777842840e+01
8.202234366237205165e+01
8.202239960724469370e+01
8.204208578795260109e+01
8.205815223138885983e+01
8.207063784726943823e+01
8.208916344027026923e+01
8.209798323335458292e+01
8.211113864351995062e+01
8.212535024350711410e+01
8.216003438100565859e+01
8.217621821629788315e+01
8.219928199162903582e+01
8.223341993016725837e+01
8.225428812561055736e+01
8.226683287410666878e+01
8.229590655180555814e+01
8.232005434906204755e+01
8.233350114000641895e+01
8.233903983535500970e+01
8.236450686868177229e+01
8.239236078284726261e+01
8.242113478846368935e+01
8.242326520287514313e+01
8.244388465619702799e+01
8.244706236663712673e+01
8.247626410473483816e+01
8.251647234929112074e+01
8.254684297561664152e+01
8.255485700396023674e+01
8.257473905431282901e+01
8.259675968114034106e+01
8.260932423233785471e+01
8.262902978401332632e+01
8.266412587453864091e+01
8.268914624887169396e+01
8.272748526918543632e+01
8.274719076169826337e+01
8.276110022996542170e+01
8.278840316267233845e+01
8.280082656392097817e+01
8.281894429730657237e+01
8.281257053934412227e+01
8.283619426594292179e+01
8.284062673445258440e+01
8.287757956123110148e+01
8.290850640982360176e+01
8.295215959049343724e+01
8.297190998718878063e+01
8.297870211086662096e+01
8.299821449199745871e+01
8.301937216579617029e+01
8.304278493433980657e+01
8.307532194343750120e+01
8.309737356977056777e+01
8.313525917167125101e+01
8.316141117669224059e+01
8.318825877469502927e+01
8.320702045860898011e+01
8.324196508612135403e+01
8.327032332197116204e+01
8.328277071435624634e+01
8.330866167884606455e+01
8.332980782815639031e+01
8.335928545881208152e+01
8.339946092652988341e+01
8.341575766905577893e+01
8.342920181327383489e+01
8.343657197628672861e+01
8.344224167231644174e+01
8.346078742279928520e+01
8.347172140155616660e+01
8.349564371060405676e+01
8.351706491600779714e+01
8.354521448301684927e+01
8.356716285945906009e+01
8.358654599229903681e+01
8.360431133221921129e+01
8.362203953288877756e+01
8.363669654585544322e+01
8.364905058871757149e+01
8.366535317856482834e+01
8.368553359349979814e+01
8.370880008825402285e+01
8.370580362137218344e+01
8.374394434890319872e+01
8.378289689321020717e+01
8.381781138371279383e+01
8.383525902361927251e+01
8.385150479153620040e+01
8.388512435083909224e+01
8.390375781213856499e+01
8.394329731925635940e+01
8.394747950139476700e+01
8.398569347426671072e+01
8.401099360097397550e+01
8.402962170920194751e+01
8.405938626919709122e+01
8.406599834211779410e+01
8.408640601129543768e+01
8.409552509417676447e+01
8.412348320691714321e+01
8.414155082152925047e+01
8.416599116397728153e+01
8.418319426608226763e+01
8.419007895354457105e+01
8.422757417708311323e+01
8.424433091469295221e+01
8.426258677562979926e+01
8.430113597524091062e+01
8.431486060634357216e+01
8.433538152041707292e+01
8.434601053250280245e+01
8.437054116964490902e+01
8.438687598218295705e+01
8.441401532270927532e+01
8.445335948769610468e+01
8.447718482189253564e+01
8.450016900649040963e+01
8.452992186250001794e+01
8.452983630609125498e+01
8.455933805909279499e+01
8.458581609313557692e+01
8.459891462166510223e+01
8.462617667093732621e+01
8.464418603551476394e+01
8.464363007508015357e+01
8.466881914471761661e+01
8.470714145329209543e+01
8.471663572027719624e+01
8.472935104254710836e+01
8.476333654555749320e+01
8.478207729448014618e+01
8.481524727276143949e+01
8.485451635678150240e+01
8.489327467257538729e+01
8.491665648707467540e+01
8.492978093745685442e+01
8.496331958970014853e+01
8.497702108306347668e+01
8.501473043439665389e+01
8.504841400324919221e+01
8.507287504457067939e+01
8.509241523179508704e+01
8.512503585312738608e+01
8.512988010334879618e+01
8.516663416922156671e+01
8.519302812254700541e+01
8.521066514156751737e+01
8.523043270625603895e+01
8.526048341944054698e+01
8.529799107987817308e+01
8.530351614299537744e+01
8.532362479738307570e+01
8.533984026644823473e+01
8.536171926496440676e+01
8.539488268896147360e+01
8.539951448953665647e+01
8.540841421998270278e+01
8.542613159139116874e+01
8.543857230099430922e+01
8.545581666252088837e+01
8.546828347601359610e+01
8.550739731411327682e+01
8.552424606113163463e+01
8.556064187255519471e+01
8.558459196158730720e+01
8.561903002823819975e+01
8.566098549505386472e+01
8.569136609198933741e+01
8.570892754945907654e+01
8.574080128303381798e+01
8.577620340342194538e+01
8.580674476221821578e+01
8.584301091105824355e+01
8.586285547341881852e+01
8.588071630881265150e+01
8.588717150971154979e+01
8.589341591774753226e+01
8.593234138047368731e+01
8.597021041445435685e+01
8.599971780467879512e+01
8.602400424935804324e+01
8.606611338947112699e+01
8.609435157655703108e+01
8.611672403140937604e+01
8.611442521686022644e+01
8.613446138762630255e+01
8.614853584253418717e+01
8.618727085167792268e+01
8.621266142704145352e+01
8.624831853787317471e+01
8.627295659902917180e+01
8.629122565431421776e+01
8.631761734075392667e+01
8.634699638055703019e+01
8.637056953642398582e+01
8.639985678890809595e+01
8.643735439429075029e+01
8.647046643892340967e+01
8.649735400717133871e+01
8.653515225536537514e+01
8.657416818132155356e+01
8.660709382688330038e+01
8.662930126015130838e+01
8.665392845661580168e+01
8.668706369578644910e+01
8.671256349787672946e+01
8.673605317471319154e+01
8.674190338846302950e+01
8.677403921561463562e+01
8.680325784343013140e+01
8.681728958997146606e+01
8.684543156918699935e+01
8.686245004253215996e+01
8.688834763431754027e+01
8.692021309270133145e+01
8.695612570376272288e+01
8.696027106752600844e+01
8.698372156700668256e+01
8.700441783566516563e+01
8.702569191070301713e+01
8.705307746642485256e+01
8.708536516610236333e+01
8.711881356210669480e+01
8.714314873287396779e+01
8.717178154913420940e+01
8.719870880304088701e+01
8.721122506567878929e+01
8.723395629064243906e+01
8.726744178549597564e+01
8.726945818425825507e+01
8.729321178680403648e+01
8.730083987427720160e+01
8.732460426518804297e+01
8.735779712051568424e+01
8.736852406530601911e+01
8.738524560249314277e+01
8.739899130613048328e+01
8.741627457165765236e+01
8.743706767196219687e+01
8.746460210803508062e+01
8.749170236844926762e+01
8.750944648987380958e+01
8.751533033663912420e+01
8.753090864251424819e+01
8.756313465883042113e+01
8.757462626236780068e+01
8.760164393771769653e+01
8.761972998812784397e+01
8.763017222074806512e+01
8.766409022723334488e+01
8.769235192150786418e+01
8.769548109830134308e+01
8.770614776738679552e+01
8.773621839384378518e+01
8.774308460466119186e+01
8.775898913320692429e+01
8.777825400629859587e+01
8.781160047061725038e+01
8.783627014690442536e+01
8.786088383964579407e+01
8.788085374445108755e+01
8.790683040494215561e+01
8.793282867823329241e+01
8.795525597033082477e+01
8.798642084193079427e+01
8.798239757253291771e+01
8.801558303805879291e+01
8.802848644438839187e+01
8.805333698515467233e+01
8.808475560906686042e+01
8.810544186603591754e+01
8.812010171494041799e+01
8.813381841454129528e+01
8.817116229610743972e+01
8.820515449101691274e+01
8.821675746563808218e+01
8.822159163697922679e+01
8.825762412880671093e+01
8.825833515850013100e+01
8.829323104180787141e+01
8.831251277430185098e+01
8.832001481428181933e+01
8.833768264814014515e+01
8.834506246201208057e+01
8.837695810395857166e+01
8.839386081291499409e+01
8.841237429493423861e+01
8.843966255352846417e+01
8.845129594294951403e+01
8.844969783522711282e+01
8.847027587867982845e+01
8.848521684390682651e+01
8.852144476614355995e+01
8.853302577920152316e+01
8.856272516336170497e+01
8.857735612746726872e+01
8.857978399599917907e+01
8.858696315051703607e+01
8.861784772079298023e+01
8.864398791004965972e+01
8.865977727601298852e+01
8.867129714835286336e+01
8.866697430083515030e+01
8.867639317601826576e+01
8.870206285141183855e+01
8.871516201901911813e+01
8.873716421565633539e+01
8.876229379803911002e+01
8.877189284267227265e+01
8.879119091710107625e+01
8.880855122237370836e+01
8.884007717463362042e+01
8.885446536581792998e+01
8.888094067081107141e+01
8.891170740714353826e+01
8.894484615862386079e+01
8.897451169007801752e+01
8.899600144082775444e+01
8.902636902146460329e+01
8.904791821951978648e+01
8.906616813029469881e+01
8.908906860109725301e+01
8.909711678416132941e+01
8.912690490142507826e+01
8.912282974846546324e+01
8.913977721852766933e+01
8.916436226779219965e+01
8.918011216962730714e+01
8.921153896798270466e+01
8.925144128745462524e+01
8.926771553882038290e+01
8.929671598423506396e+01
8.932095579467865321e+01
8.931899243821163736e+01
8.932532562965822365e+01
8.934236676231499530e+01
8.936339898889994515e+01
8.939408324307267151e+01
8.940790433057370024e+01
8.944015210326975307e+01
8.945994401333042845e+01
8.946764454416279477e+01
8.947970634310055971e+01
8.951065521674046011e+01
8.954071029532872217e+01
8.956532353106949529e+01
8.956760133872123220e+01
8.959000666790585399e+01
8.959882334376825952e+01
8.961126414180181143e+01
8.964214076646416629e+01
8.965287064884469714e+01
8.967042230720718976e+01
8.970602641040058245e+01
8.971784612103395773e+01
8.974840919888998769e+01
8.975268171995516298e+01
8.976295764168105507e+01
8.976364454770727264e+01
8.978974403965447948e+01
8.981212618491755961e+01
8.984349684451291296e+01
8.987680784996383920e+01
8.989197083165944946e+01
8.990239566150026462e+01
8.990968945262284251e+01
8.994167850892199567e+01
8.996662364520102528e+01
8.999038894742395200e+01
9.001403450936142292e+01
9.003766771548626480e+01
9.004874121593694269e+01
9.005674677135216655e+01
9.006923321664724824e+01
9.009087174626888839e+01
9.010120041311832040e+01
9.011459781209738651e+01
9.013297502275851514e+01
9.015189460170334712e+01
9.016074088160870303e+01
9.019399138083974776e+01
9.021794555136364124e+01
9.022507839185031742e+01
9.024405086906102724e+01
9.024194158610116290e+01
9.026296316502023842e+01
9.026720889367084055e+01
9.028919228358061844e+01
9.031252469636935132e+01
9.031434644755164243e+01
9.033384575283920981e+01
9.034493314075665182e+01
9.037029627488146843e+01
9.038053325425755702e+01
9.040279702865935008e+01
9.041041528407708938e+01
9.043119879228459013e+01
9.042835374309069607e+01
9.045448541291413846e+01
9.047668670136340552e+01
9.051184006303878959e+01
9.052153546781624982e+01
9.054117304432166691e+01
9.054895149003378663e+01
9.054727681829560026e+01
9.056020353752073504e+01
9.057666714993170842e+01
9.061192544621410150e+01
9.062306390017947422e+01
9.062963221794649371e+01
9.063858411196146392e+01
9.064027014810211824e+01
9.067287486145866637e+01
9.069226904699081615e+01
9.070912087476982322e+01
9.073614145095508832e+01
9.075813433027970234e+01
9.077144150893629160e+01
9.079666646627154591e+01
9.082777954190714809e+01
9.084560148002748292e+01
9.087830608460886594e+01
9.088297060173829323e+01
9.088836769406427152e+01
9.089522118327236910e+01
9.091046105510486086e+01
9.093189531672534542e+01
9.096301451962727924e+01
9.097333984892676995e+01
9.098373571421331008e+01
9.100936755587909488e+01
9.103785545859417994e+01
9.105904150315173240e+01
9.107620366623802965e+01
9.110374115585231891e+01
9.113092782164825678e+01
9.114985418350501334e+01
9.117177821029483198e+01
9.120326169279192641e+01
9.121431393289331879e+01
9.121325666060411663e+01
9.123179770765197816e+01
9.125933085959010782e+01
9.129866561759541810e+01
9.130805701138085340e+01
9.132373199413981979e+01
9.136079848551267446e+01
9.139737965202382952e+01
9.140356386359417229e+01
9.141063350791971232e+01
9.145061270296365308e+01
9.146518923759774111e+01
9.146547643471613753e+01
9.150003738167275458e+01
9.152020857560324885e+01
9.153989010761696932e+01
9.156591280581106673e+01
9.159002945071814850e+01
9.161025966350176475e+01
9.162692489780374672e+01
9.164652101599826040e+01
9.165915174979603819e+01
9.166546138129132260e+01
9.168815304729555749e+01
9.169803593141121212e+01
9.170877701861424214e+01
9.172207490889816484e+01
9.174048940068126967e+01
9.177373345225335299e+01
9.179343545146160466e+01
9.181496928441508487e+01
9.184525733269687464e+01
9.185913439938273939e+01
9.189282502950685227e+01
9.190864941088631213e+01
9.193725411839034223e+01
9.195741874198252219e+01
9.196609073399579870e+01
9.198919504128899405e+01
9.200035729244490312e+01
9.201065471600115586e+01
9.202107333588818960e+01
9.203785264372893948e+01
9.205436416028931035e+01
9.206266607059532703e+01
9.206837897431819329e+01
9.206546646923990806e+01
9.208518706985417168e+01
9.210432794994444805e+01
9.210303313829271588e+01
9.211773417988051449e+01
9.212042565145546291e+01
9.212995443399194073e+01
9.212963154815376754e+01
9.216252903307560018e+01
9.218522886521128612e+01
9.219610256784481805e+01
9.219671472902452081e+01
9.222254471194493419e+01
9.224537490173246113e+01
9.225305736034955828e+01
9.228279323673974943e+01
9.230060645483567328e+01
9.230837201557633875e+01
9.233042320795520652e+01
9.233515251148430991e+01
9.234684249842908343e+01
9.238003516427879447e+01
9.239565616813285942e+01
9.239909788013321190e+01
9.242227743002302986e+01
9.244974032259902685e+01
9.244975074634653822e+01
9.248133158690860967e+01
9.249524582966229502e+01
9.250910025992423869e+01
9.250732420628854413e+01
9.252470607810833769e+01
9.253112847835123489e+01
9.254215450180737434e+01
9.255238941258117791e+01
9.257178204181991532e+01
9.258542544553661457e+01
9.259754856490286556e+01
9.260200623843573453e+01
9.261516578223238128e+01
9.263295907732619128e+01
9.264884353308755749e+01
9.266551677025044853e+01
9.267653612573904809e+01
9.268582692821117064e+01
9.269283281340320002e+01
9.269502251852611607e+01
9.270823233427863386e+01
9.273364571893220898e+01
9.276684072097042133e+01
9.276812574185062488e+01
9.277604457526777537e+01
9.279740113594769468e+01
9.281921311946392450e+01
9.283839462865233827e+01
9.284742513923269769e+01
9.285887520257816163e+01
9.288678340383405896e+01
9.291019564718132528e+01
9.293261259974806876e+01
9.293461946324477196e+01
9.295924920840020889e+01
9.296606092763214235e+01
9.297195862675576450e+01
9.299065188133151594e+01
9.299172465797219900e+01
9.301148934703122961e+01
9.301382859190761110e+01
9.301617865469449953e+01
9.304135438279966763e+01
9.304529447199298886e+01
9.304197179320208022e+01
9.304515385984235820e+01
9.305073227737568686e+01
9.308320819453950890e+01
9.308539021344964226e+01
9.308292709987745184e+01
9.309299322263117915e+01
9.310899116060014080e+01
9.311852692135664711e+01
9.314998635007999894e+01
9.317644736695379493e+01
9.318945712011868920e+01
9.319653641733044935e+01
9.320341490083478675e+01
9.321429042899119111e+01
9.324445893530942442e+01
9.326600005213815336e+01
9.329572523874026047e+01
9.331630986744352185e+01
9.332272340731461213e+01
9.334968904631573139e+01
9.338235711988353671e+01
9.341015258937441956e+01
9.341514583239793978e+01
9.343484002653376308e+01
9.345879066956695169e+01
9.346671204310277403e+01
9.346692036530784264e+01
9.348808526450663692e+01
9.351297014078888026e+01
9.352786015759693328e+01
9.354439328050892755e+01
9.356748155245064424e+01
9.359746512119833994e+01
9.363105724758278825e+01
9.363850726759780230e+01
9.364919491328035406e+01
9.367759305168250705e+01
9.370653979638768760e+01
9.371901367410384864e+01
9.372521232605984665e+01
9.373127326917456514e+01
9.374723821761716636e+01
9.377264360406749688e+01
9.378645278130289853e+01
9.381437598847226411e+01
9.383194573197009447e+01
9.385836852066680080e+01
9.388675977526557404e+01
9.390473656349878695e+01
9.391017204866581380e+01
9.391882350104182819e+01
9.394588256217758726e+01
9.396631608140553737e+01
9.399850278523400959e+01
9.401002703338305366e+01
9.401353306725678749e+01
9.404411668345406383e+01
9.406752908186101081e+01
9.408481288372315987e+01
9.410881757188315078e+01
9.413869111189330852e+01
9.417010776914179360e+01
9.419351963232139724e+01
9.421963178563311203e+01
9.424259748757965838e+01
9.424525966945192579e+01
9.427342563914950802e+01
9.429340564972690686e+01
9.431183032393701637e+01
9.434380293421611441e+01
9.435993582098551258e+01
9.437444968305639748e+01
9.439631991555856416e+01
9.442410749241810208e+01
9.445094113993577878e+01
9.447297240508366656e+01
9.447847069682107701e+01
9.448913834187361260e+01
9.450946477175386917e+01
9.453862142539975366e+01
9.456655016245350964e+01
9.458079449263422589e+01
9.459845327129853843e+01
9.462332745748783225e+01
9.463469143539346362e+01
9.464334215937022066e+01
9.467334640377139010e+01
9.469982118773336310e+01
9.470481076715537938e+01
9.470578924574749635e+01
9.473062747144359719e+01
9.475064044132692231e+01
9.477885276430119177e+01
9.478798052298428445e+01
9.481503355212058182e+01
9.483800573279120272e+01
9.486154970929456454e+01
9.487903224158310422e+01
9.489556449116480508e+01
9.491991798807731584e+01
9.493094374578014083e+01
9.495414343259346879e+01
9.497792084853446681e+01
9.498825399753971510e+01
9.499867662314314032e+01
9.500544882097187838e+01
9.502123654960628585e+01
9.504186563686339184e+01
9.505626795605670054e+01
9.508297069463115747e+01
9.508505391652316519e+01
9.509880259114397916e+01
9.510616537350671251e+01
9.511375049969933571e+01
9.514398427391569157e+01
9.517201331733357961e+01
9.520330731716745731e+01
9.521907561734984426e+01
9.524876590282212874e+01
9.527779933727619266e+01
9.528787888058870692e+01
9.529663470797561331e+01
9.530946874151281634e+01
9.532677404641285079e+01
9.534764738059914180e+01
9.536084098415918220e+01
9.536424307527452982e+01
9.538182673201107775e+01
9.538332135213225627e+01
9.539370867761208217e+01
9.540628591685324977e+01
9.541820925829642874e+01
9.543127570569747320e+01
9.543644119949016158e+01
9.544930268077911251e+01
9.546873296268813647e+01
9.547787532854096071e+01
9.550108782130206464e+01
9.552464667638224682e+01
9.554028720627272264e+01
9.555648296111495199e+01
9.558809564933525849e+01
9.559245131820949837e+01
9.561973631803286366e+01
9.564830594920547924e+01
9.566868639101143401e+01
9.569215597844464583e+01
9.571522857607845935e+01
9.573328200276947086e+01
9.576595365774429069e+01
9.577177329489528290e+01
9.578971067506643067e+01
9.580403961050035377e+01
9.582372010253848771e+01
9.585042872420252991e+01
9.587132797649994131e+01
9.587471709017702892e+01
9.587291546105352325e+01
9.589331710716302837e+01
9.591040978157155905e+01
9.592348458665652799e+01
9.593904422767471374e+01
9.597096599834679864e+01
9.600127078147855286e+01
9.601766114537684871e+01
9.604454054479560909e+01
9.605309562729688366e+01
9.605403614547232394e+01
9.606325631753809091e+01
9.608953972004908906e+01
9.610722462378134878e+01
9.613979926153616873e+01
9.616038003743595652e+01
9.618024313880259513e+01
9.621169129280021082e+01
9.623903836357587238e+01
9.625198945035494091e+01
9.627554903707722644e+01
9.628609929400198553e+01
9.631014193293580661e+01
9.632782611137145068e+01
9.635471827878116358e+01
9.636817622871598132e+01
9.638424408095676199e+01
9.639470195675755804e+01
9.641652732890871391e+01
9.643661875685749862e+01
9.645351946626234962e+01
9.646353543506215544e+01
9.648814646764586200e+01
9.651474477240918759e+01
9.651640447866468264e+01
9.653844594160138115e+01
9.656970656975467193e+01
9.658882494968780463e+01
9.660719965175255197e+01
9.661207075808937361e+01
9.661730155205484039e+01
9.662957759271853320e+01
9.663585288033627307e+01
9.666067453160648881e+01
9.668405820694449915e+01
9.670954962387585852e+01
9.671897029687933411e+01
9.674913210895884674e+01
9.675016111616795911e+01
9.676432980049605703e+01
9.678362641761898999e+01
9.680422033856808639e+01
9.682585521872397294e+01
9.683074045331009927e+01
9.685953584841691111e+01
9.687646771653017197e+01
9.690380148101675672e+01
9.692343669684650820e+01
9.694698531691200571e+01
9.696356819083342771e+01
9.697987132556500001e+01
9.700708911904058596e+01
9.702003922028643501e+01
9.702392223825587791e+01
9.704667884628980801e+01
9.707851243932017837e+01
9.708523592778509226e+01
9.710928480130711193e+01
9.712609764257480549e+01
9.713835826570561949e+01
9.715171856278716689e+01
9.717956716302992959e+01
9.720973352494632991e+01
9.722844047072733531e+01
9.725273192358218921e+01
9.727282868707249008e+01
9.730133020703350155e+01
9.731506643650362776e+01
9.733360418286396509e+01
9.734643158948324526e+01
9.735612487330503484e+01
9.736250391447389063e+01
9.737709867758904636e+01
9.737837621879928918e+01
9.739804551499592833e+01
9.741235377835748466e+01
9.743343963122930518e+01
9.745274226971557141e+01
9.747765692136295002e+01
9.751084664316134365e+01
9.752512343546938212e+01
9.753000495202465459e+01
9.754715141786046217e+01
9.755219213708465986e+01
9.756365740119282748e+01
9.757996878608228997e+01
9.759547954529512026e+01
9.760799457496260345e+01
9.761352177434015687e+01
9.761899655992576186e+01
9.762813432140997350e+01
9.764766742175875436e+01
9.767593940029965438e+01
9.768673424076197875e+01
9.770924499668873864e+01
9.772736511223260436e+01
9.775702265907808908e+01
9.777163386655742272e+01
9.778497631967972836e+01
9.780716803776047641e+01
9.783907093421453283e+01
9.786520960185704610e+01
9.788204340090844369e+01
9.790332424428436298e+01
9.792542102149008088e+01
9.793688332360517279e+01
9.795443672096928367e+01
9.796985524761829822e+01
9.799447559483940040e+01
9.802028164473223626e+01
9.804883396541478646e+01
9.807550074311063781e+01
9.810629158177921738e+01
9.812639873248322431e+01
9.814001046477396528e+01
9.814358855684379535e+01
9.814861115895084254e+01
9.816683510129264789e+01
9.818625698852575567e+01
9.819825273244597952e+01
9.820744853496857729e+01
9.822122625252958983e+01
9.823532472741138122e+01
9.826488671559779675e+01
9.828688405987450949e+01
9.829325446813102474e+01
9.832408630275881478e+01
9.835066226648551435e+01
9.836058235011454087e+01
9.837811898686328504e+01
9.840763152895679866e+01
9.843870082504841434e+01
9.846146773377546424e+01
9.846867346255527309e+01
9.848747606737627791e+01
9.850800828742001158e+01
9.852922189733584446e+01
9.854596452078040159e+01
9.856181729098949518e+01
9.857181092658518651e+01
9.858907665363928174e+01
9.860424743259159186e+01
9.863281431648694308e+01
9.863752441368691848e+01
9.866164634171471448e+01
9.867764009389429702e+01
9.868675900801605394e+01
9.870654805020267020e+01
9.871654443802454182e+01
9.872928241713991326e+01
9.873292641081094700e+01
9.874531650775540470e+01
9.876959942600436193e+01
9.879724106572999176e+01
9.881803547132066967e+01
9.881628286941848671e+01
9.884328175046978515e+01
9.885436919539328926e+01
9.886256522327781227e+01
9.888797704673909550e+01
9.889653139331312559e+01
9.891181271883857562e+01
9.893081437667132150e+01
9.895690360882075254e+01
9.898425670056190029e+01
9.900216452256094612e+01
9.902383344597393489e+01
9.905457042083403962e+01
9.905678334123957995e+01
9.908502451047991144e+01
9.910187691812502919e+01
9.910468347109667775e+01
9.913119467186258760e+01
9.914856780438881856e+01
9.915038852277274373e+01
9.916637640181899371e+01
9.917643205943477369e+01
9.920420047750937442e+01
9.921321266984942611e+01
9.922433432117648522e+01
9.924537858132957524e+01
9.925511223108546233e+01
9.925765591917587471e+01
9.926811604827716451e+01
9.928410436351721557e+01
9.930104167350670252e+01
9.932646969195445763e+01
9.933519221301811797e+01
9.935406896698454204e+01
9.937852760030365573e+01
9.939775573584027768e+01
9.940562563920393302e+01
9.941315585398588439e+01
9.943158401603911045e+01
9.945719008176591558e+01
9.948368433738956185e+01
9.949968453736008200e+01
9.952592365931455731e+01
9.954612277767168393e+01
9.956070028554829321e+01
9.956445344140234965e+01
9.956771283577481313e+01
9.958476721208954530e+01
9.961540994008093719e+01
9.964166326497911541e+01
9.965447850196001411e+01
9.967152181214838436e+01
9.968275651586735364e+01
9.969291378448272667e+01
9.969596567159638312e+01
9.971983373271834239e+01
9.974332343805316725e+01
9.974855542605683922e+01
9.975985729439167926e+01
9.976904543445941442e+01
9.978782132749064715e+01
9.979394885824521566e+01
9.980294939286125100e+01
9.981588464019824869e+01
9.983237811880054835e+01
9.985192900466080346e+01
9.986819528649729705e+01
9.987944853566065717e+01
9.989439948548140080e+01
9.991040128964766609e+01
9.991649231269357756e+01
9.993140406791910380e+01
9.996217233367413257e+01
9.998089085723054836e+01
9.999036315843294176e+01
1.000055259939954766e+02
1.000186998147406143e+02
1.000345487041031731e+02
1.000518529876527083e+02
1.000774645043249649e+02
1.000971290216305363e+02
1.001149763145997724e+02
1.001380590821445935e+02
1.001666542609453359e+02
1.001904810621822861e+02
1.002180633367379414e+02
1.002306859719866878e+02
1.002481072581398678e+02
1.002691387291391294e+02
1.002736947529323714e+02
1.002991736612065097e+02
1.003132145078926243e+02
1.003300339933376506e+02
1.003572908991665713e+02
1.003698194306501676e+02
1.003979891068617860e+02
1.004228769462320372e+02
1.004341550013460420e+02
1.004464877052104015e+02
1.004729011933993945e+02
1.004786069899227812e+02
1.005018857637885077e+02
1.005274738869126736e+02
1.005465651357901606e+02
1.005676633221984133e+02
1.005805558035754927e+02
1.005989655688553341e+02
1.006159401391911672e+02
1.006280968873481214e+02
1.006433839767417169e+02
1.006645516726774616e+02
1.006761332125251016e+02
1.006875784287803270e+02
1.007027423831912216e+02
1.007044609731692191e+02
1.007176188459809936e+02
1.007343342551476013e+02
1.007641463210451889e+02
1.007812087573603606e+02
1.007991506981162075e+02
1.008288082209020615e+02
1.008425641704197773e+02
1.008673025047544201e+02
1.008845884982637955e+02
1.008901083790992885e+02
1.009147823504783616e+02
1.009248316976180320e+02
1.009377182291324999e+02
1.009587637045608659e+02
1.009664564133735496e+02
1.009922532301004878e+02
1.010221694990574406e+02
1.010440215699180442e+02
1.010654264916692568e+02
1.010706172070817388e+02
1.010806961413746023e+02
1.010912086008611794e+02
1.011106805763885319e+02
1.011340003438313602e+02
1.011482298045980031e+02
1.011628653460882106e+02
1.011852604449324389e+02
1.012005911685976400e+02
1.012240787775069606e+02
1.012478218241473655e+02
1.012473926939448035e+02
1.012632553265273430e+02
1.012857261668202682e+02
1.013040931161896196e+02
1.013291933847363282e+02
1.013466644710933906e+02
1.013560304929005724e+02
1.013790866371685553e+02
1.014045247553020914e+02
1.014189316272629355e+02
1.014471553942770896e+02
1.014663408425332705e+02
1.014765776539555446e+02
1.014863164666094946e+02
1.015049288177532674e+02
1.015351459872446895e+02
1.015562863001582770e+02
1.015638250227324022e+02
1.015740434045662823e+02
1.015911452504126373e+02
1.016190073828573190e+02
1.016478651782829701e+02
1.016552077697516125e+02
1.016656865180658542e+02
1.016950601540619061e+02
1.017173981526805733e+02
1.017430623835916492e+02
1.017569014466440649e+02
1.017734245026749420e+02
1.018045349307236194e+02
1.018092213598909268e+02
1.018231905261221328e+02
1.018402960241494384e+02
1.018693996210266306e+02
1.018954795296756259e+02
1.019257877462717516e+02
1.019531724797180345e+02
1.019770163189408265e+02
1.020024716101883655e+02
1.020281669931192283e+02
1.020512325614033102e+02
1.020542730598417478e+02
1.020710692958289485e+02
1.020797858536874116e+02
1.020945477331185742e+02
1.021065574523901631e+02
1.021348531487830087e+02
1.021534899226011106e+02
1.021601806220163553e+02
1.021725860478475312e+02
1.021816619349163631e+02
1.021812406466817151e+02
1.022043399359149731e+02
1.022218544972626262e+02
1.022356358132825562e+02
1.022528048945294046e+02
1.022758413997729861e+02
1.022988373050547750e+02
1.023083399961593898e+02
1.023352815635142434e+02
1.023529883581922491e+02
1.023769775532885689e+02
1.024009273600434398e+02
1.024094124811623345e+02
1.024201303713708313e+02
1.024506390102860252e+02
1.024713223430810416e+02
1.024802104845881132e+02
1.024981164760046255e+02
1.025073972923119925e+02
1.025311755949409758e+02
1.025344604070239711e+02
1.025415698411479752e+02
1.025445202166524439e+02
1.025484758109277550e+02
1.025601481845738761e+02
1.025646253469593177e+02
1.025822106719542006e+02
1.026101416822748860e+02
1.026245523339455445e+02
1.026427962688630799e+02
1.026544901112033870e+02
1.026749281698031240e+02
1.027013196791542669e+02
1.027192357783372927e+02
1.027467606145988981e+02
1.027644619086093627e+02
1.027884296413126322e+02
1.028078910486930084e+02
1.028104941944215369e+02
1.028351606746707461e+02
1.028508084038346198e+02
1.028683967533491881e+02
1.028771246523073870e+02
1.028951198237883489e+02
1.029178325131586860e+02
1.029294450658646838e+02
1.029368461492631326e+02
1.029449456461425427e+02
1.029543735375005298e+02
1.029570211124492829e+02
1.029805636820240267e+02
1.029926766969493599e+02
1.030033985375397805e+02
1.030089414476084073e+02
1.030211451989322740e+02
1.030384682094078101e+02
1.030597505729114118e+02
1.030838423435477580e+02
1.031090708357351104e+02
1.031208419954024293e+02
1.031385284033086265e+02
1.031584420623254914e+02
1.031759456977647886e+02
1.031890026357089738e+02
1.032010510763520728e+02
1.032170694965904545e+02
1.032387140977198356e+02
1.032521001891133210e+02
1.032604997288160860e+02
1.032870672184099874e+02
1.032947974885930194e+02
1.033122638075511901e+02
1.033393353909936110e+02
1.033661735684138989e+02
1.033736088644442503e+02
1.033971862857494557e+02
1.034025347110611222e+02
1.034100245656472481e+02
1.034203789144362844e+02
1.034421403875180516e+02
1.034525706657398842e+02
1.034668509987528324e+02
1.034741957685607332e+02
1.034823000837526905e+02
1.034858864893893582e+02
1.034934211838390468e+02
1.034941163877519728e+02
1.035025841375179567e+02
1.035080585175621621e+02
1.035290709703578074e+02
1.035306810169250298e+02
1.035442469149367781e+02
1.035626395787298151e+02
1.035658531357397152e+02
1.035874823274504877e+02
1.036064975679713172e+02
1.036288777162883292e+02
1.036517938351918104e+02
1.036692191624640884e+02
1.036794722969703599e+02
1.036984738940773667e+02
1.037261540607817949e+02
1.037535901451156093e+02
1.037576292147330577e+02
1.037859832342131483e+02
1.038131029154506990e+02
1.038254380147763669e+02
1.038422920753349530e+02
1.038629969776017106e+02
1.038743225015498410e+02
1.038762986459663864e+02
1.038825102482144729e+02
1.038905781038581182e+02
1.039079640766948387e+02
1.039258505670645292e+02
1.039316705417934799e+02
1.039502225663369188e+02
1.039618123034318700e+02
1.039803155191688830e+02
1.039992548752224195e+02
1.040187331727343008e+02
1.040304464745471051e+02
1.040400653063849603e+02
1.040431783277035578e+02
1.040591475152237138e+02
1.040838971446527665e+02
1.040995667037201571e+02
1.041255608846537513e+02
1.041478561751497836e+02
1.041677461589724345e+02
1.041893837443056299e+02
1.042142296070078231e+02
1.042190702146612722e+02
1.042455157749090091e+02
1.042531986720013180e+02
1.042675974966682446e+02
1.042813948594473032e+02
1.043085241487289068e+02
1.043153481109787890e+02
1.043321315468443657e+02
1.043491962877526049e+02
1.043692992130488051e+02
1.043879609817399796e+02
1.044077136927721057e+02
1.044164605392313803e+02
1.044238641507444072e+02
