4.656680692630239093e+00
7.873500983418783683e+00
6.800587173715774369e+00
5.910895046086997340e+00
5.257584660592730330e+00
7.718587375333264333e+00
1.161250182464213943e+01
1.284249432982981176e+01
6.347103573084170947e+00
4.559442243453877275e+00
6.441970164621868555e+00
6.609369907644524922e+00
1.154171443274277919e+01
4.940372404317687760e+00
1.027661467179280130e+01
1.344015330435662214e+01
2.340663155628821990e+00
1.053982683193283876e+01
1.536998310713441107e+01
8.095784710275353291e+00
8.616019317042489689e+00
6.541807762303698759e+00
7.568063256139506478e+00
1.234365295995587886e+01
1.948641924353166033e+01
1.696810694817924769e+01
1.001060921142497406e+01
1.811599550878100873e+00
1.650557109163262126e+01
1.801830656589883972e+01
6.342047679846810837e+00
4.298440895757832614e+00
8.217995158013037482e+00
2.119202193396267830e+01
2.705839703721245115e+01
7.988837667722457070e+00
1.637186784811670037e+01
8.128879884384724974e+00
5.534074320438208794e+00
1.376243200258810617e+01
2.342841737015990944e+01
9.785633550637850675e+00
2.391425152794079523e+01
1.940110020057580442e+01
1.661039369850363911e+01
1.045669749936136839e+01
9.762252970236199090e+00
2.148343895262380698e+01
5.253828473319859249e+00
3.081355772920743163e+01
7.757749697498240948e+00
3.208154637086274619e+01
3.507402634413714360e+00
1.093724475548676800e+01
2.274299898204914427e+01
2.579594426341078872e+01
2.844268354505938845e-01
4.452598162889756850e+00
1.018417590433310060e+01
3.000757645246740779e+01
2.215534511818496100e+01
1.397807211546705553e+01
1.224871534753488334e+01
2.134352158637084784e+01
5.534589952123917911e+00
2.432964447780513595e+01
1.235168789404032097e+01
1.603925417461582370e+01
5.185101427006479469e+00
4.427007661716010567e+00
2.690007857050381190e+01
1.860289401619620619e+01
4.659765274134930024e+00
2.669236135325792603e+01
2.901852074257616376e+00
1.761872309032199269e+01
2.236653666058943202e+01
1.499673513375685907e+01
2.839482627384687419e+01
2.957643721799407643e+01
2.599778913402465363e+01
2.350377742108488022e+01
1.784094977450238417e+01
3.442378167481191298e+01
3.044805214710914143e+01
3.558577285178694893e+01
1.821517435535234597e+01
3.477457090472950796e+01
1.294869713685760004e+01
1.674418377472352759e+01
2.147212891374919863e+01
5.285876263357166316e+00
8.304732241956735095e+00
3.122990215199613928e+01
1.931923113463239616e+01
2.132969971688818234e+01
3.233947401092583362e+01
3.716820579147182002e+01
4.680745264300299802e+00
2.278835561904476492e+01
4.372468852692109387e+00
1.638787191435617885e+01
1.240289967553607120e+01
1.697951392535155790e+01
1.564934117050296791e+01
2.498897134389423158e+01
2.285315025703813419e+01
6.415304930957463903e+00
8.868004059108676174e+00
2.330329584036410751e+01
2.092016685103961038e+01
3.617108763828797890e+01
2.341187104066677804e+01
1.665549290969773111e+01
1.138576687436528445e+01
2.931554884970381281e+01
6.717549088981135341e+00
1.700093100038454352e+01
5.866130006582016776e+00
5.461420579274150811e+00
3.218612299729795723e+01
2.525024791699294280e+00
2.550080231374803219e+01
9.020526617957154158e+00
6.099453344350478368e+00
2.918877603866573978e+01
4.288867003323890259e+01
3.719816607298420053e+01
3.355766138922346542e+00
8.707035277574235455e-01
1.714571424182066650e+01
3.436877719111876672e+01
2.680939091118045425e+01
3.229753346381617973e+01
8.695353740155509215e+00
2.444460130664192832e+01
2.075456440426006921e+01
3.942655289567393595e+01
1.253834632050097930e+01
2.881267126259885458e+01
1.531108662198473747e+00
1.972571225017024688e+01
3.509387270991226160e+01
3.718797244072232644e+01
3.622611973137122732e+01
3.676389156405236491e+01
2.794814470759354208e+01
1.652759626543710780e+01
4.271211590317827955e+01
2.608698118925084586e+01
1.360269062411177643e+01
3.412775453342375442e+01
3.971827833410466013e+01
3.269864173555951936e+01
1.523640583455630804e+01
3.504592331400956162e+00
3.180681933738001899e+00
4.386606494549638313e+01
1.387529980124934603e+01
2.635561388146742345e+01
2.233621093312025963e+01
1.303346110269650460e+01
3.342227348742370197e+01
3.729730724229748517e+01
4.479432235540875951e+01
4.405882532209648161e+01
4.021884124575241515e+01
3.959165604580168463e+01
2.530012593875516913e+01
1.083070044585041103e+01
4.893445814063318977e+01
1.337951377297230771e+01
8.865566721551113361e+00
1.777840423730839348e+01
3.464902343867759527e+01
4.385138066907936860e+01
2.126340545957730299e+01
9.059793350054883732e+00
4.467857017061728442e+01
2.807731693379567162e+01
4.445089303901903577e+01
1.274829705636458144e+00
9.103062380837609879e+00
2.687345199355337044e+01
4.287426724633289155e+01
2.921895787660798405e+01
3.593322950878503974e+01
3.518061237094715921e+01
6.200156340055461790e+00
4.696886589338256357e+01
3.471009723408154457e+01
4.436640706663510514e+01
3.567117284773499364e+01
3.610190000890809614e+01
2.944966022843011899e+01
4.672808006515131041e+01
2.158240911502165105e+01
1.021216097370913189e+01
4.976953997797418339e+01
8.025187771796435499e+00
3.125759120297244920e+01
1.067833601820239764e+01
2.392196290302832296e+01
2.034386279734999903e+01
1.418178669181730100e+01
5.008670844257547827e+01
6.636142083846565676e+00
2.835765164270391026e+01
6.690620997689526561e+00
2.747475101212014792e+01
4.623227760637342243e+01
2.456749287081254707e+01
2.835996354988024493e+01
1.579528730126957825e+01
3.353461842914290969e+01
4.889678262441332635e+01
8.273256194347776926e+00
3.800139997315552165e+01
1.467105585568467241e+01
4.391516372418063696e+01
1.164993977341720566e+01
3.769483108804864457e+01
1.632475414079840448e+01
3.224856707590663518e+01
4.836229046536634435e+00
4.422139476689267923e+01
1.262165509079449954e+01
1.601840995862553285e+01
2.023313403680892009e+01
3.434997997261952207e+01
1.566524613997449045e+01
1.067489411299156288e+01
3.417457306939199668e+01
5.285856882319818340e+01
2.312827603761940409e+01
1.032646987481745882e+01
1.561383410953925122e+01
4.576077833239192216e+01
4.485921875957687632e+01
3.747266045892470032e+01
2.660416399667700915e+01
1.535872753189932460e+01
1.095609142311938555e+01
3.296660538028195475e+01
7.460552251911670929e+00
1.922842336530656837e+01
3.913772867264090394e+01
5.878631331485371092e+00
2.593875130796373885e+00
3.829952705190962092e+01
4.254270939129257556e+01
5.575737674771200147e+01
5.211060503036591740e+01
2.407551432122130564e+01
5.158345816526965422e+01
3.080020377502320983e+01
2.284512223477985771e+01
2.916212808003685808e+01
2.822081023359941909e+01
5.427133299624967577e+01
3.755264710420137675e+01
1.023548322301948410e+01
1.172461989319491593e+01
1.541948575205083394e+01
5.280906854617308710e+01
4.955845862272571622e+01
2.607395307678350349e+01
2.306221091915255528e+01
1.200140205554562911e+01
8.158929852736878985e+00
1.584612129044325002e+01
5.478592178335060225e+01
5.423247430766358690e+01
3.361054782134910113e+01
1.712202236703489433e+01
4.658950341267807715e+01
5.065063680100848842e+01
2.902716020765289429e+01
5.308682241291373316e+01
2.804526750807404056e+01
3.274517351266747767e+01
1.300056895423880832e+01
1.685006059662165612e+01
3.906781447367318805e+01
5.853968521032613381e+01
2.002491551907223410e+01
4.365354142358876999e+01
3.944095166247870488e+00
3.003354690938876814e+01
2.827570888744779865e+01
3.349123969875382745e+00
5.886865368039087087e+01
3.727460386200834819e+01
3.669916387719535322e+01
5.734942604355008910e+01
6.558065283365014153e+00
2.637424300557507451e+01
2.429670470118619718e+01
3.172941754823222382e+01
1.342159327721313389e+01
2.402279895608780524e+00
1.276011475229582137e+00
2.446637675206464024e+01
2.220535680215688146e+01
4.435306841672176148e+00
4.899421632761904988e+01
1.611046274504254328e+01
1.538114246645376504e+01
7.175685628333022592e+00
2.194349730602458592e+01
2.461676138623741394e+01
4.496687446346442130e+00
2.138107014743533085e+01
3.186204787832162211e+01
1.534897888646893804e+01
5.938998508352039352e+01
2.992747221285609172e+01
3.537337294925720954e+01
6.081087800989543268e+00
2.386691425335264327e+01
1.165506464126321751e+00
3.435216427434735209e+01
4.682376471737444490e+01
1.971472263134535652e+01
3.785158733565928912e+01
6.861287284350200188e+00
1.090568974037310923e+01
4.857304771837883095e+01
2.209872927699447587e+01
6.259481635977090974e+01
5.950099267034323702e+01
1.735606337663669407e+01
4.414090127388517715e+01
3.981591260417607714e+01
3.247096753355963727e+01
2.561888970337049898e+01
6.501169175271078871e+01
2.754991567222952398e+01
4.781957236894872842e+00
4.369998419544629087e+01
2.921602280434791865e+01
2.406928165893124927e+01
3.854916919357629723e+01
7.386854630040724956e+00
4.291149005899319491e+01
2.512017413088568674e+01
2.993355995687490179e+01
4.572845612381811264e+01
5.247336954491282768e+01
5.599668124576214723e+01
3.960666839359323177e+01
3.167299648031079329e+01
4.653257279636888200e+01
1.289442962075767163e+01
4.967711553989671103e+01
2.481921748952768425e+01
1.832469687478430842e+01
3.494408059669510891e+01
5.446894457516576438e+01
5.140124559570360852e+00
3.034569238451707562e+01
5.258970721821228977e+01
3.335251424124435715e+01
3.932357273154578792e+01
4.049948725279379147e+01
5.827734152566396375e+01
1.003191433302039570e+01
3.277130435498096972e+01
3.166308727723879457e+01
1.279097056973065705e+01
1.671557534820190227e+01
2.558948539554247859e+01
1.824098897776253736e+01
5.369067845659913019e+01
1.589296344814021289e+01
3.210646079628084237e+01
2.108282980051194855e+01
3.136731904701550633e+01
2.202560447031367730e+01
1.412931243574723794e+01
2.132721800435307458e+01
8.482015655296729406e+00
4.329286547036012678e+01
5.945993237310358381e+01
1.169896809486362166e+01
2.719855982423525376e+01
4.670405910039995945e+01
3.158985807618742481e+00
2.828016064052018308e+01
2.463357106460726342e+01
1.532095748914057864e+01
2.738593318048167902e+01
4.794928605495383067e+01
5.330474211827741726e+01
4.511458465944676988e+01
2.198116860951619600e+01
5.802099792494716723e+01
2.223060718770313215e+01
6.543738574302915367e+01
4.634601301310276256e+01
4.899836327947992842e+00
4.455632166116591719e+01
2.967220914310832569e+01
6.438753700764242183e+01
4.477388762580541481e+01
1.343849941521223457e+01
6.234032588113945650e+01
5.612871843612953171e+01
5.051425037964088460e+01
4.935703308678484547e+01
4.316676398416051796e+01
4.580036974153842522e+01
4.327086449845747040e+01
3.630438047691227155e+01
4.344692996863535939e+01
2.489181435754914773e+01
5.798767575489892323e+01
2.816921646190470341e+01
2.883445055778540578e+01
2.424266521259841412e+01
3.895889996595109750e+01
2.406265268691795711e+01
2.495926979271795787e+01
4.287890842681736103e+01
5.881600200955582380e+01
6.592797333704245943e+01
3.041884605628433391e+01
1.794372043998004784e+01
1.103641345500115278e+01
3.888185933529484117e+01
6.730204306412008464e+01
3.690776799394628682e+01
3.078829283093842406e+01
2.200862114806743364e+01
7.980711214689567790e+00
4.730645284710176668e+01
1.462377312700089860e+01
9.339804488713797426e+00
2.302478193474678037e+01
3.801417822127704227e+01
2.095253904907944076e+01
1.740969902288612303e+01
3.846106228970830898e+01
3.736721091701762987e+01
1.534451045244613354e+01
1.905626826791120010e+01
4.881000177743165303e+00
2.120525312575517063e+01
6.371536655151894735e+01
4.921635645507814871e+01
4.758122786554800143e+01
6.472862633783934427e+01
6.802885996658135070e+01
4.673927666014458282e+01
1.742094854170672846e+01
5.933741082582476167e+01
3.613458324597132787e+01
1.644955044573038450e+01
5.404679415944723075e+01
3.214204256772761426e+01
4.979622800858171416e+01
1.244588080018144538e+01
4.327333528233312876e+01
5.344466330297989742e+01
7.102640993909146516e+01
4.178960184368119712e+01
5.996429699674885150e+00
4.577199752844857272e+01
7.156644381352107587e+01
4.437552094493614163e+01
6.182408885209029847e+01
1.795811039706444490e+01
1.727145799504149082e+01
6.702558673337162531e+01
1.869779010625804361e+01
2.010416746106012553e+01
3.553876709009210799e+01
2.271831158160871666e+01
2.222247463506088039e+01
4.789137534290472331e+01
1.037188319009406001e+01
4.662941451548034877e+01
6.136590837734443227e+01
2.438796840586415371e+01
6.021910238614748323e+01
3.403786113045893291e+00
2.217445559079531137e+01
6.367429054599699612e+01
5.624791782682950014e+01
6.852070046022006977e+01
3.860276962872164574e+01
3.294282477271140408e+01
1.884677318900015308e+01
6.998452572413172845e+01
6.658632933927144393e+01
4.533537899615351563e+01
7.125995596309158486e+01
5.531652307071752972e+01
5.361305283490332840e+01
1.337846708899865433e+01
2.287534538671217632e+01
5.205019036874851679e+01
3.377529717672894805e+01
4.529423247601540936e+01
4.661012214317227631e+01
6.982294416269573389e+01
6.169445841352865045e+01
1.370887162602254783e+01
2.444814459211101365e+01
5.883017704374751133e+01
2.401344665509854437e+01
2.885269571729275739e+01
4.825801874407687819e+01
4.775178579915377242e+01
3.888198067989426221e+01
1.596164583472392273e+01
5.317222465324130098e+01
2.566502120767799866e+01
4.261663250426224891e+01
1.120863697416644911e+01
5.926322169038348520e+00
2.257120505944314459e+01
4.033329756391523091e+01
3.331555961726282078e+01
7.109231555679899373e+01
2.015279727334969806e+01
2.721682584423870210e+01
6.824196015441131635e+01
6.415096981102733764e+01
3.541113274743056394e+01
7.340933085778931400e+01
3.916172391559435795e+01
5.163179970736596403e+01
3.276077115741917822e+01
6.355861487856202530e+01
1.732691243605563614e+01
3.939013646918365907e+01
1.901036935074165157e+01
5.794947675394342923e+01
6.429546894252813161e+01
4.031739150745377032e+01
5.821811028722128079e+00
6.946577226704536656e+01
1.035901158860901994e+01
3.510744164979711002e+01
3.443003015162633318e+01
6.912596777818161797e+01
2.162896964913150200e+01
4.127528304197221587e+01
5.957401641213997578e+01
4.582902220110469216e+01
4.974880703445085572e+01
1.881474165025291967e+01
6.836149685003432452e+00
5.877310609374224981e+01
3.857100601015241637e+01
2.214467049753047689e+01
4.644130768755596961e+01
1.410890044148623268e+01
2.853763853028593189e+01
8.788798631185144927e+00
1.953289779769702506e+01
7.063868226491113944e+01
3.255416497367110651e+01
2.549187137125823810e+01
3.372111388166582202e+01
1.802905558587508139e+01
5.814825177834023151e+01
2.112021432785704533e+01
3.292353164466339877e+01
7.666684385543071301e+01
3.842051077561684025e+01
3.306601846372845444e+01
3.280635907114137328e+00
4.606921631688265251e+01
3.833428318017899983e+01
3.270143742453268487e+01
4.448546802502848152e+01
6.810218199894734425e+01
6.667254962145278796e+01
6.385177409084995048e+01
2.871002482620306395e+01
2.459159052816429991e+01
5.497300612346869286e+00
1.230998143304385373e+01
6.489316603160879993e+01
3.754244882410138473e+01
2.154514145523626922e+01
7.017043450338110233e+01
1.629444144486622648e+01
1.814929257775981597e+01
6.575780254013291426e+01
2.920329385900670260e+01
1.440437056354715395e+01
6.742394281723403537e+01
7.801602854106698715e+01
4.114897000678801220e+01
6.035389559132385529e+01
4.401854995340114840e+01
1.641506873285501555e+01
3.742260168125545050e+01
7.781834156099006528e+00
4.094939612991934297e+01
7.246496672774247827e+01
7.535892402113461230e+01
1.493317023213191774e+01
4.595026401736255650e+01
6.516055780748951420e+00
6.342316842794052434e+01
4.998767946011177088e+01
4.855086107364942194e+01
6.280941481773592727e+01
1.655993592704085415e+01
3.619494087374537372e+01
5.966344781901796068e+01
5.285708601969040643e+01
2.303146116382685449e+01
6.788574329612822567e+01
3.963659437268147201e+01
3.974483897498851803e+01
3.667636258517119074e+01
2.095782686509873471e+01
6.178901159895180939e+01
1.905690608190501578e+01
2.032772014468090305e+01
4.458075541068765801e+01
6.517759874492877259e+01
1.288956035554083535e+01
6.261121159099970157e+01
3.614826278079377175e+01
5.507869241608000266e+01
3.675621726145053714e+01
3.449079002803765803e+01
4.114691832438218455e+01
4.697044560041150163e+01
2.506828296421504376e+01
5.869504360377749208e+01
2.631673217313650071e+01
3.437845506374335969e+01
3.990416607169717622e+01
3.915752383551185289e+01
7.267831877897326365e+01
3.166067870773467163e+01
4.509250192647299826e+01
2.215141626998964597e+01
7.009611546592971365e+01
4.506139332847438794e+01
6.996152165915007970e+01
7.536017499837595324e+01
3.045886138327305304e+01
3.413085120574042719e+01
2.604946171767847929e+01
2.953585189591774451e+01
6.558971917382685035e+01
1.206387700158026988e+01
5.572175763333606824e+01
6.106964472125424237e+01
2.616512168451745168e+01
8.083597987206493940e+01
7.825735344794495063e+01
2.462812062432648119e+01
5.828152795290330346e+01
7.069832479074393916e+01
3.072219352172825779e+01
4.216762346700001274e+01
8.534983151533149126e+00
2.690695159958487537e+01
6.433524605461725798e+01
6.095363456087731180e+01
4.823786571066065676e+01
3.690715738593788586e+01
4.422740848677735670e+01
5.137537643060929327e+01
3.949795736487080688e+01
5.827469862769865472e+01
1.627615654060935668e+01
6.241548198000648995e+01
2.441727719813764352e+01
4.455314836824850033e+01
2.083722462244288920e+01
5.976910226688368510e+01
6.514880317304825041e+01
5.675226015787157685e+00
5.238212566626805788e+00
5.895537795659343061e+01
2.782700910265701566e+01
4.959721876459062884e+01
1.820092773628466887e+01
6.672462256846469586e+01
3.567717999995128508e+01
6.809499816755287327e+01
2.228112782841511574e+01
2.911767760443856901e+01
7.439160769924249905e+01
7.011848505530845443e+01
1.161281620423735106e+01
7.595609477539593968e+01
6.472785890875417181e+01
2.416528339240289469e+01
3.506417739122866095e+01
6.028858873301634702e+01
3.292372869616175279e+01
5.616981553855429077e+00
6.020267516313692369e+01
2.048430937274857655e+01
5.354713321283831817e+01
7.704572774995078532e+01
5.101006882746084159e+00
1.772930822748698532e+01
8.082608401991743108e+01
6.888618962349158892e+01
7.832280963823203024e+01
2.600218450829589045e+01
3.199044091135917611e+01
7.359293821756241982e+01
5.978819778459742196e+01
6.297971172900776082e+01
4.358375825552582938e+01
3.117960630010045620e+01
6.423742923530359406e+01
3.354024294491618718e+01
5.306323585463111669e+00
2.250449941098583295e+01
7.496217628387479692e+01
7.556360493309053084e+01
6.465917719239671158e+01
6.323448073499818634e+01
7.158234397762839762e+01
5.729922123126950595e+00
4.552488262279373288e+01
6.394262423532067174e+01
1.365507518541925336e+01
1.937712138586231347e+01
6.723307740241466490e+01
4.285578293560801200e+01
4.030090223015545092e+01
2.725846371680692570e+01
7.452988687187614403e+01
4.580056691887083531e+01
4.397498806625538492e+01
5.013020247225535542e+01
7.868937598041907222e+01
5.064527483468245350e+01
6.529430702412554410e+01
5.157555926496499410e+01
6.419898537534098182e+01
2.495446197233579610e+01
7.572242306350783281e+01
2.781153744402792327e+01
2.155625614221392894e+01
3.184334043762118682e+01
2.964216757623786336e+01
6.516432972041742744e+01
2.951261698437973280e+01
3.052863489284296517e+00
5.475507486217976805e+01
4.502845326173551399e+01
1.699734514609530578e+01
2.886987342724621897e+01
5.804808349379242571e+01
5.765458352291935995e+01
8.088478035951914080e+01
5.052040451123067299e+01
1.948026322305789293e+01
6.920271314794868545e+01
8.705706202178369324e+01
8.131299792772308876e+01
5.301612152072883077e+01
4.434164947438587490e+01
7.298682124979350760e+01
2.569716469514418833e+01
8.622761557127654442e+01
4.500759527672963145e+01
5.183204533166626504e+01
3.993741192662412942e+01
2.667073044503553447e+01
7.245409635762464973e+01
3.191533582409809355e+01
8.168295627423253791e+01
7.905037370275714181e+01
2.656898958812780975e+01
7.997660296145282643e+01
5.018660252582577641e+01
7.788160534505982469e+01
6.664142629671911777e+01
3.006244032882162287e+01
5.581027511771159766e+01
5.377677773667002015e+01
5.665801316764314777e+01
7.104904363014574642e+01
3.524810831455609161e+01
5.556837758924046256e+01
5.808397359179139130e+01
6.774215021927268765e+01
5.882098578298918312e+01
4.083925221808732431e+01
5.520612551174895799e+01
8.016269592559346790e+01
5.580176788856886816e+01
2.186015621792468266e+01
7.027005453736900620e+01
1.942759924836371255e+01
4.563903268179264217e+01
5.557828684918293760e+01
7.437110545401912987e+01
5.914653075143332472e+01
1.219631203153186227e+01
6.374659171740798058e+01
5.365380035725371499e+01
7.843674982448435173e+01
2.073025591119882804e+01
8.979414648188534187e+00
3.355224330010776868e+01
5.582138126720253979e+01
3.422287862878239650e+01
3.288150334342897452e+01
1.563950297748878526e+01
8.131209544897272679e+01
7.657045845877354395e+01
4.305382542519421918e+01
6.807207674588063639e+01
7.062251311094546224e+01
4.295844391378432192e+01
4.706268222284127489e+01
7.785373741810211357e+01
2.000250718421163398e+01
4.458556228614749983e+01
4.027054159701676639e+01
6.187326450940461342e+01
6.225572138494566587e+01
4.834798854180610306e+01
2.701358076150143717e+01
7.936223252355645741e+01
8.421227679353914652e+01
4.880163869417823719e+01
3.022436020935582235e+01
8.338022765764873157e+01
8.900655570152376583e+01
2.125165373571659089e+01
4.734576389716963263e+01
3.184315912432611739e+01
5.166744133278685780e+01
7.625044776429571414e+01
6.569373708439607640e+01
2.925467756938205355e+01
6.494284123835589639e+01
3.852634979267939030e+01
7.040178334756032541e+01
8.297654644307449701e+01
3.927726517028853692e+01
6.928532087528114403e+01
4.310113837758498079e+01
6.918571438607876267e+00
4.098644635560666671e+01
3.510365511745678191e+01
7.708864189156777513e+01
7.284057430166716074e+01
7.817919324027015193e+01
5.438517068670658716e+01
2.981059040496494816e+01
8.056215955307212084e+01
3.758104931098706203e+01
6.551958569259829801e+01
5.772792460901347766e+01
3.731006347069470053e+01
8.614590820664658111e+01
4.709629148768645734e+01
6.153119545835187409e+01
8.074164976456479792e+01
4.172012702793229977e+01
7.183862694115998693e+01
5.567942284283427057e+01
8.075150127754062623e+01
8.544043370638210888e+01
7.159225416918323504e+01
6.985146744763518711e+01
5.773055538522079644e+01
3.851169561566867827e+01
8.491330992770122066e+01
5.852628565831422947e+01
1.508477779065728619e+01
7.922355430542076249e+01
2.738910849475859877e+01
7.373080580420861452e+01
5.750960603693521733e+01
5.700518847985861015e+01
4.707412152530796590e+01
7.170279730917570760e+01
8.435446369327151217e+01
6.288946563275639079e+01
6.923791197185433077e+01
6.672993392585472350e+01
4.392825131322521059e+01
5.944098770872560067e+01
5.433111109772617198e+01
5.900539659765423295e+01
3.273345552618852849e+01
4.289640552404885909e+01
9.042112844915303072e+01
8.824322599977591608e+01
5.939457014638534105e+01
7.034679199558155460e+01
4.215787214867223298e+00
4.717234367041216103e+01
3.921321733790561126e+01
5.740844924919720427e+01
5.628657329312132163e+01
7.194560091143083014e+01
8.473399092603192173e+01
3.348920336981043988e+01
5.303319612448916587e+01
6.500098969077370725e+01
8.090055989918850798e+01
3.121799673479453219e+01
4.457914434488538546e+01
3.607796322912365383e+01
2.386998533429002833e+01
4.201986774980077399e+01
4.041331720481085199e+01
2.338630740709757916e+01
5.325857602654417633e+01
8.283734753805596540e+01
3.679424472693960979e+01
5.992997925025777306e+01
6.415418681491703978e+01
6.571292337308385356e+01
8.111306067664428099e+01
5.788218425953532176e+01
8.483897455704563129e+01
4.121473686453841623e+01
3.265995242678804544e+01
7.710314649549066246e+01
2.661730271279186155e+01
4.365098964993713082e+01
7.403134144999198440e+01
6.442359394437302456e+01
2.342685165569946193e+01
7.249587691042808046e+01
8.780820400225090339e+01
6.521893833708735144e+01
1.290325701172464257e+01
3.713649000400931754e+01
8.397702574791482277e+01
2.375740570724773804e+01
5.382558834293633510e+01
1.124117128103015517e+01
4.320934657363079623e+01
8.645270366557723207e+01
7.535341224349851075e+01
6.955530968443505913e+01
3.067575190827725606e+01
5.997507334648293664e+01
2.892476785466100964e+01
6.944706205008110089e+01
4.715194904807318466e+01
4.386767721729492564e+01
5.541463846727123865e+01
1.886514700258427624e+01
5.616119534171939875e+01
4.282725991608185723e+01
5.338018061953626869e+01
4.521348546168170834e+00
3.917914259265135257e+01
8.473547192899518166e+01
4.787607645046830385e+01
1.601914889539178688e+01
6.994553533582512728e+01
4.491350828258423888e+01
8.534847805542047183e+01
5.272879974886397747e+01
1.354332538640904282e+01
7.978986522096941769e+01
4.065419141820914462e+01
3.987338087093576888e+01
4.858480949823887585e+01
8.819030151018735353e+01
4.136823855767531910e+01
3.885078759100291990e+01
1.230336413382105931e+01
4.625027955833343185e+01
1.571384941046543382e+01
3.653798163038656810e+01
8.783666198174717010e+01
4.424720453621642946e+01
1.034823398266296479e+01
2.099145630329477186e+01
5.233785359275893256e+01
6.886799779130100774e+01
3.695146835085474635e+01
4.230947287971605419e+01
6.813529405648219495e+01
1.755913536006770315e+01
6.570049353672928305e+01
3.401220651316606336e+01
8.510814730666783134e+01
6.775066337293729646e+01
6.079440038666076873e+01
7.743270729330112090e+01
4.085890393074104310e+01
5.215443167978435213e+01
7.690600780377967283e+01
5.234777574041457626e+01
3.758731587110662531e+01
8.682520443989389491e+01
6.000527534277117070e+01
6.680477005438044102e+01
3.741844097190816854e+01
8.076884295094399135e+01
8.397016873972772544e+01
5.819379554825418666e+01
6.263257204986864224e+01
5.407625032461072578e+01
2.716906788608284273e+01
3.483661645229326354e+01
6.022634793831819167e+01
4.366879293577742516e+01
6.455538709184926915e+01
9.218611142097203981e+01
3.791570842062504454e+01
7.824807641668243718e+01
6.297158984446934227e+01
1.137167432058181937e+01
1.564617258450922321e+01
5.235407918541152128e+01
6.694563601866387614e+01
3.378472539485040471e+01
7.340473273931739584e+01
7.133450306508279937e+01
4.513281290708618343e+01
6.382537066628622568e+01
6.194106507005201934e+01
2.311436885492064519e+01
6.545899878240061298e+01
4.292109044406196716e+01
5.270109719469230214e+01
4.247576885963088955e+01
4.416628662705439723e+01
2.652513001175475083e+01
1.606895448570784524e+01
5.609278276560944931e+01
3.012359176861067667e+01
7.906683244692270307e+01
9.111228826126480840e+01
5.967826096449942952e+01
9.140509792768676789e+01
7.130705169292787104e+01
5.625667445584402060e+01
7.686620960830691729e+01
6.600397211718637891e+01
2.165151664634434781e+01
6.820068596276105666e+01
7.746905556697579698e+01
6.536405889097828492e+01
9.044801973202385170e+01
3.990869029248105448e+01
4.814768495653601832e+01
2.752426036795782593e+01
5.176003528624502081e+01
3.473628203625246869e+01
5.298196567129273404e+01
9.250849569087446866e+01
6.166222536496514550e+01
9.352153189160237901e+01
4.878590896418103284e+01
6.032885467311569982e+01
7.318736098376388099e+01
3.892222992077256549e+01
3.938496095052528290e+01
7.276948497049046694e+01
3.330843551922272638e+01
4.514833825478205398e+01
5.632437032506885544e+01
4.886925276430904574e+01
6.001052233107093059e+01
3.595213321861198352e+01
7.908660053815955848e+01
6.742151899419090455e+01
7.400923398344532700e+01
2.952759783100832891e+01
6.234327188489700688e+01
5.313885409464941034e+01
4.651404691796087576e+01
9.753418611140730832e+00
7.246510632397983898e+01
8.017604335385755121e+01
5.521681201989476051e+01
8.337497023089987636e+01
6.044781253508703855e+01
7.003967965876501012e+01
4.451254700728756575e+01
2.193981409882834654e+01
4.725962727230641036e+01
6.256653522720620941e+01
2.969846149660533285e+01
7.459497887121973747e+01
9.533290264193092867e+01
4.986205280843594068e+01
6.710062983268295511e+01
7.029328752181268669e+01
4.818181355619118733e+01
7.487857955654435216e+01
4.322239463172728335e+01
5.773636476671945417e+01
3.870814124259927524e+01
9.683484527548712606e+01
3.994826007052015626e+01
5.099142205415937212e+01
5.413208098528749446e+01
5.372988271288551232e+01
4.223689357991388960e+01
5.851251314168130335e+01
9.479430432420400621e+01
2.856611066596107662e+01
7.000021521934255020e+01
9.150991835721239909e+01
7.412370203504572430e+01
5.095656125639423806e+01
4.420086397535091294e+01
6.427900061153981426e+01
4.903131219675143626e+01
5.900457520785878529e+01
2.819054774220182225e+01
5.036913167787631096e+01
6.431262912413458821e+01
3.388013216921227411e+01
5.290578046460230155e+01
6.320730811963300511e+01
6.118627218100521503e+01
7.079808560229706416e+01
1.248449938777498502e+01
3.679035297095921209e+01
4.290406313368788460e+01
6.517358689782197700e+01
7.080858682237784762e+01
2.839281003243297263e+01
4.755735450532802844e+01
4.757212587477769006e+01
8.547918370437410829e+01
4.168255312029026527e+01
6.529554106902422461e+01
4.341897935351962445e+01
4.255330026973839352e+01
6.079053560984056759e+01
4.202828107278266856e+01
2.965589037989779442e+01
9.317758779029350080e+01
9.146247433379508607e+01
6.747686986599676118e+01
6.026392099380178990e+01
6.809981613020200086e+01
4.012562997891375005e+01
2.986064431397371166e+01
2.929335272014546732e+01
4.169906135936315650e+01
4.209781696669060835e+01
2.107760031434272108e+01
8.512416294900117464e+01
8.934197231561344665e+01
5.270178888827174291e+01
3.081606666390194604e+01
7.219109215315080519e+01
7.493254933919388350e+01
3.514372672969558664e+01
3.725883058753609589e+01
5.071281117851373921e+01
3.407436670550367808e+01
6.095014157114556497e+01
8.092116192685101339e+01
7.833516233961628927e+01
6.875135860229184459e+01
7.988748713411847291e+01
4.966154219208164022e+01
4.720120822110004610e+01
6.408014224936420078e+01
3.502134105633530226e+01
8.244063166964129152e+01
4.836878817790923080e+01
1.006635082498529812e+02
7.041057396277507507e+01
4.374343384313882410e+01
2.640190968325106624e+01
8.978019601864194499e+01
6.767483373544122571e+01
6.262468163944391364e+01
5.071798450535204239e+01
6.821349338929147166e+01
6.704145710427756910e+01
7.089122442555206760e+01
2.225845742988390441e+01
7.844219356536422083e+01
4.928131031305352394e+01
4.379844883281958801e+01
4.381365801257118164e+01
7.106666712504178918e+01
4.007756184319763548e+01
2.355593227128297329e+01
4.306577298179472280e+01
6.818436209486637267e+01
2.576232279430739780e+01
5.438418823186144380e+01
5.358760837702949686e+01
4.095449472943334257e+01
6.632152169048586643e+01
2.254964369493431775e+01
5.512427917169094371e+01
9.119506102884287202e+01
3.282161181226265256e+01
9.386009796978811437e+01
8.177479439848154641e+01
2.700642923941001783e+01
6.377784967373548142e+01
4.999717284975488241e+01
9.388717642043070555e+01
4.714335618079626755e+01
2.078195796625904634e+01
8.767590976137094572e+01
4.507845438898753798e+01
9.063853711011960002e+01
4.831303454658402785e+01
2.938223173425013712e+01
7.864413043918067103e+01
8.442861077024301153e+01
7.754045977179600868e+01
6.688575594724724738e+01
2.807651522485669915e+01
7.087938842673320039e+01
2.293698727291317851e+01
6.957964746787214949e+01
6.407214306302505236e+01
7.394505460413238040e+01
4.999317022427204193e+01
5.621509534392500029e+01
2.579999991542788962e+01
7.366036806528910574e+01
6.955451037256335667e+01
4.746315379207595697e+01
4.968454373892576115e+01
4.358785553913990896e+01
7.552190265791513468e+01
6.670157118693778386e+01
9.434979164525329054e+01
5.647697462871153107e+01
4.021778841029259155e+01
6.112074059442256413e+01
4.608089128526822975e+01
3.792759303438453600e+01
5.658853425496163680e+01
2.828255482793206355e+01
7.797117563452457034e+01
4.298378672029009095e+01
9.044600400610907798e+01
6.826995676280498060e+01
3.392204929396955748e+01
4.325496756937359777e+01
3.622982357440111656e+01
9.261493630180505932e+01
3.983669873220220126e+01
8.377322219772143796e+01
9.470848023104584001e+01
5.695722765017742972e+01
8.674328815683105631e+01
1.007255661054122413e+02
4.114564487893336064e+01
4.839793369620560526e+01
7.600672167655289968e+01
4.789700740088819941e+01
7.643260467177744033e+01
9.502186910250078711e+01
5.297453524711678341e+01
5.733240268614018476e+01
5.765821293545183579e+01
6.121488852526864122e+01
7.662459247507067062e+01
4.771370809182930373e+01
5.067796787881870557e+01
3.923712220389163718e+01
6.038480668802706930e+01
7.495263625858156331e+01
5.300077375510757349e+01
6.430080354329922443e+01
5.030797688668573642e+01
6.176352199250325015e+01
6.240375910650417524e+01
8.017841050557630922e+01
4.948829026039027212e+01
5.321311056373261295e+01
5.898736982915573179e+01
2.292430986046546337e+01
5.450517898033802311e+01
9.698850425419419707e+01
3.313710814734196219e+01
7.509174560869711001e+01
3.169507147004296854e+01
9.476925296451220504e+01
4.889057986017294155e+01
5.787256684856002664e+01
6.701191235576712302e+01
5.523434006484416159e+01
1.808592411075235518e+01
5.907451122163144674e+01
5.934292985312855961e+01
8.689271162884342914e+01
5.515529286846933843e+01
7.805090218615121955e+01
5.251313926668380816e+01
5.100780833832605765e+01
4.724237075704869682e+01
5.398640824706375696e+01
8.036047087935438071e+01
3.243426401758654265e+01
7.997651006718065503e+01
9.570921598318021495e+01
8.187687829111330018e+01
8.227682203469034050e+01
5.138116600060049421e+01
5.670553529001291793e+01
2.483218407137678341e+01
5.161340953613134275e+01
8.902601328420681170e+01
7.059024716485100726e+01
3.250718981035132771e+01
8.124024994147660550e+01
8.958624434003031922e+01
5.613466691111830897e+01
9.306878034285306001e+01
6.768144593113220253e+01
7.296584880975031240e+01
4.843161969322627414e+01
7.521649624240880883e+01
9.792037908639436239e+01
4.889784815568728504e+01
7.195133357284757381e+01
7.827183947796972063e+01
4.299546527903137161e+01
5.311625167104698875e+01
5.097621008599202241e+01
7.113114916079202033e+01
9.330260380196868653e+01
5.590191020096747820e+01
4.742393827480182011e+01
6.558202831601556682e+01
7.489626731356845823e+01
5.407517453802948637e+01
5.838492850926375155e+01
3.579791269615462568e+01
6.404543015390180472e+01
6.741172938042949170e+01
1.005292662773625381e+02
8.742007954587106155e+01
2.757065936715473242e+01
1.053707729497867689e+02
6.867426679164455550e+01
7.295087844717406256e+01
7.337786315853921337e+01
7.494119568355488070e+01
7.210746364232396388e+01
8.922274618453091932e+01
6.717701790571331344e+01
6.486452373947084027e+01
4.061968588246077871e+01
6.039356322578533565e+01
1.016946220973416644e+02
3.235112295755138234e+01
9.557750535010308113e+01
3.635586303288400956e+01
9.152072785292693879e+01
1.003083013144512421e+02
7.930713444246343613e+01
4.860300011429379907e+01
5.913764274717002678e+01
2.769326177456684590e+01
7.007903637993814527e+01
3.909670305698335824e+01
3.829882249867800681e+01
3.749390367255294620e+01
3.482018852032395984e+01
5.587529988369873735e+01
6.795238027202603348e+01
5.752375683307147369e+01
6.750299657142598164e+01
4.652940077306006117e+01
4.553850591970841322e+01
9.510806906377439418e+01
7.584588034878865415e+01
5.368708223932684831e+01
2.795423272408867987e+01
6.217085378319821132e+01
6.679528380845120239e+01
7.408622898860029693e+01
5.575476829048653116e+01
5.592935753857150871e+01
2.707395556249906932e+01
6.016043347411971354e+01
4.800056219989598816e+01
5.757149731800446091e+01
5.921156555921835007e+01
2.432148280421500885e+01
3.163010044103655005e+01
4.093143108379903339e+01
3.499757157741898794e+01
7.056389969701625375e+01
6.122623111360184822e+01
2.561080762277680023e+01
7.499820436988092354e+01
8.368138111465664508e+01
6.416465744762329848e+01
7.647397652183160233e+01
2.976141598990769666e+01
7.116337025506130942e+01
6.348707297236624925e+01
8.719820959709579711e+01
1.005003022600757276e+02
9.817976185912060316e+01
4.890470873229973847e+01
6.005205899843831929e+01
8.551587282614720209e+01
7.210700754665562329e+01
1.032673572401335633e+02
9.982895325327004343e+01
5.032438560974326691e+01
2.791311851688820056e+01
4.646970527645416382e+01
5.278639922724808997e+01
6.342238689165518650e+01
1.782616150764606289e+01
7.094647328001924791e+01
5.896773119619886927e+01
6.146774153922234518e+01
5.823825136298787442e+01
3.506079444045246873e+01
4.630149149471509418e+01
5.052962062738584592e+01
6.162300468691234556e+01
8.304621017955892626e+01
5.076465468481896437e+01
9.127138143030352069e+01
2.772630385672275821e+01
8.732655060283414628e+01
7.532009073513349051e+01
8.311847393000977036e+01
9.389059348665058735e+01
7.479470891555141066e+01
4.270257782132007662e+01
8.969377693617404645e+01
7.917628427876326214e+01
7.660324231101775183e+01
6.243946119001019923e+01
4.519312733932029147e+01
7.094411213425480867e+01
9.975790569461729262e+01
8.440599913025353374e+01
1.065584875961450990e+02
4.893202816930737242e+01
9.885921648251060390e+01
5.920854677067119809e+01
7.635831766550471400e+01
7.636960814454735669e+01
7.180561401409350708e+01
1.003095086274066858e+02
6.019764315139674693e+01
5.803449565285023937e+01
4.095438566941825087e+01
1.001704649263055558e+02
8.328302923497361121e+01
6.565088962975437425e+01
9.304739351026151439e+01
5.570209684944257589e+01
9.977481653383711091e+01
9.341908475051819494e+01
7.493169914707476664e+01
7.715033907291353898e+01
7.266037603452441829e+01
6.136102148453360172e+01
7.033153932486213478e+01
8.673412546443178428e+01
6.671719109243157675e+01
5.150935040750857041e+01
2.763635635895698783e+01
8.641263532159892691e+01
9.437076727376553720e+01
8.877544725526780667e+01
6.399545394406165855e+01
3.866120440160077010e+01
4.090817075770963385e+01
2.719803242607462934e+01
4.726787425127493947e+01
2.910679114162214987e+01
6.834803012513627607e+01
8.383728219688997285e+01
6.467519205309773156e+01
7.636366965217388270e+01
4.690700998042272118e+01
5.118952023443159050e+01
5.812084270309048151e+01
2.851380112736158878e+01
6.717014029096895911e+01
4.774335739998520012e+01
5.055264781013378439e+01
9.353113141124019592e+01
6.190067928464988256e+01
9.700239148079252516e+01
5.134529139338281567e+01
1.014841195192079226e+02
9.103171963949685619e+01
1.052772747512213698e+02
5.749653373501386966e+01
8.952902765156780163e+01
7.844648253779824643e+01
6.766616405717500982e+01
4.171949891161582258e+01
6.949601849542105469e+01
8.463704155009796182e+01
8.457228932525661946e+01
6.738240625752351320e+01
7.527501364260781713e+01
9.334010324514187573e+01
8.560794849046428112e+01
9.016315473723287255e+01
9.550807605992234528e+01
4.707947035413420878e+01
2.274480158885126713e+01
7.534411588568673324e+01
9.135700882317314608e+01
7.479442241694121662e+01
9.679249138088849236e+01
5.882171848029520334e+01
8.244487092258835048e+01
9.599529816878245470e+01
9.415929681921498684e+01
8.041098853861004159e+01
4.787004843989733871e+01
8.080510166990913490e+01
3.964148292005714325e+01
9.114403758043167159e+01
2.333763577274734047e+01
6.225017012495700186e+01
5.491522181836241856e+01
2.270977458703729823e+01
8.254456293054286675e+01
6.700116616304600825e+01
1.050687294558098017e+02
4.713123129784743526e+01
7.999748730762092919e+01
7.318069761306527710e+01
9.848673042886871087e+01
1.074688191705571967e+02
7.915438132895249623e+01
5.439619675179478264e+01
3.525172856821649958e+01
1.009392577515559850e+02
7.540322143237071373e+01
8.914349538686683161e+01
6.531281889907977245e+01
9.611690954778400453e+01
8.893307186929911268e+01
8.713270398676812079e+01
5.064354030006108331e+01
5.505972842512398557e+01
7.364412436051836153e+01
4.863938140299204349e+01
4.027053036023379207e+01
1.011393669335404155e+02
5.899276434577909356e+01
7.213277896619598550e+01
6.950454428013546249e+01
2.945590356300932555e+01
2.939094329141376249e+01
9.891628848673674668e+01
2.833766752569344760e+01
8.207682486566186242e+01
6.075705474578568754e+01
6.981529595486544792e+01
9.323166448935192818e+01
6.257148132559446196e+01
8.818678520638277973e+01
4.058903540889850348e+01
6.580260952313787470e+01
9.118414917973123579e+01
4.195794383313157283e+01
6.896735730825047028e+01
3.825525491175272919e+01
8.267245465116070591e+01
6.796993619866543668e+01
6.531762784350470952e+01
5.214652359908971135e+01
5.986990041001876506e+01
8.433320254901343560e+01
9.730736374928741839e+01
9.194911428348318339e+01
6.952107671045091308e+01
3.933719683274520662e+01
7.412881397471920764e+01
4.928482040987535129e+01
8.312385353627243489e+01
8.928811458986503169e+01
6.606382181998036174e+01
8.399044475246434160e+01
9.589137468768767292e+01
4.770586171792417218e+01
5.148332936139845373e+01
8.065317567838634716e+01
8.491802569638210230e+01
7.572865081528837550e+01
5.962060450325625283e+01
6.508570258017927301e+01
2.842456405437549094e+01
5.816464772331170963e+01
9.730915827222000303e+01
7.812464487290966986e+01
9.259562133335434453e+01
7.187334509863896415e+01
9.397704700347306073e+01
8.000045755736314845e+01
6.820135909542446484e+01
7.603871094648296491e+01
9.052158784352826615e+01
8.294705023582012871e+01
1.063346168251633515e+02
6.705151682081341846e+01
1.032447063459546825e+02
1.124004359945361244e+02
5.376186869508516253e+01
4.698313720071839583e+01
5.380524593903228947e+01
6.094554098025290045e+01
1.036153242955261078e+02
4.940498930377544440e+01
1.094928633283545594e+02
5.471305909009976176e+01
9.375819810469945992e+01
8.549162770934923117e+01
7.270458883603906486e+01
9.505671035128492008e+01
5.763350979436348354e+01
9.691886176597014924e+01
4.024605571388274683e+01
7.674573714542556502e+01
6.965955562431699377e+01
9.608620400365914804e+01
8.652332240402219554e+01
7.715415894937792984e+01
6.307375718320219704e+01
7.192879256724357617e+01
3.295028777493811134e+01
4.667290250645017835e+01
9.058794655895864878e+01
9.192283298893767096e+01
9.743201031547518198e+01
5.060191265696634133e+01
3.938681584510135991e+01
7.773403008877153297e+01
8.237249496191306264e+01
6.386494681571546295e+01
9.977967939952513632e+01
5.277913486227426176e+01
9.650282623322792119e+01
5.495390510872167056e+01
3.606156904375441030e+01
8.841654773137513246e+01
7.779152782302534774e+01
7.049997822571887696e+01
7.098498729801559648e+01
8.868215334609519118e+01
9.170929549830317740e+01
5.304002769080155133e+01
1.019096609547403318e+02
7.931447655391880858e+01
9.756208680377670817e+01
7.497214961505683561e+01
5.882840721217387880e+01
6.377326393898690071e+01
6.937748108699916827e+01
5.404487855695393250e+01
8.408260627682584243e+01
1.017608500933733069e+02
1.062925338709560634e+02
8.561343186489740731e+01
6.587661358290291957e+01
9.498515671608879529e+01
4.253741757465427042e+01
8.524726519650553769e+01
6.583153249045898292e+01
1.006951738761237038e+02
9.204864276256847688e+01
8.600662466603552048e+01
1.035148039352080929e+02
8.689139947737120906e+01
6.021329305050442571e+01
4.397736571175038733e+01
1.018356066289500887e+02
4.521132899068594213e+01
7.309064726983201865e+01
9.561397415346577588e+01
9.946872061182078539e+01
1.091915717784822135e+02
3.619955458486683852e+01
6.867403233466120582e+01
5.299128577854893507e+01
1.043223657652647773e+02
5.385817995788415402e+01
9.638328538729489026e+01
8.057401551330472955e+01
7.514873027609286282e+01
7.235734890490064686e+01
8.048217003247772539e+01
4.332046758900038697e+01
5.705387826294277431e+01
7.708585088176948830e+01
9.275977574731281550e+01
7.942091089225981193e+01
8.649894491137405339e+01
7.971246356209928763e+01
7.803648445670160072e+01
9.415508546363415121e+01
5.274530799710760220e+01
4.719738174469763692e+01
5.480291127441635979e+01
4.192673665752626988e+01
5.917485121155038286e+01
8.969066411215725054e+01
5.151813050460692978e+01
8.298016813802426839e+01
2.956991343877849587e+01
8.078648779077647646e+01
3.725517125358373249e+01
4.521079252079318422e+01
6.910055350431608190e+01
7.640406706826082939e+01
8.123796835308320397e+01
8.022072376876293731e+01
5.411928100490700189e+01
6.801315552861251490e+01
9.395501182916288485e+01
9.967552440024451244e+01
9.806255776697247484e+01
1.043572853350892586e+02
6.331952914261643173e+01
1.056698206005979586e+02
7.324389536900532960e+01
6.806145548286015412e+01
4.519586623758669219e+01
5.907004354761284759e+01
1.028004382649757389e+02
6.298213727031639309e+01
9.729518694254956301e+01
1.077078334101651933e+02
6.142985446698470042e+01
1.104695003659387851e+02
1.009733791413794108e+02
6.171809865745610324e+01
5.208618188363305279e+01
1.034118737090026485e+02
5.161045257008169784e+01
3.676404814458662429e+01
8.396640747721315279e+01
8.868506454482405843e+01
5.605918812459368894e+01
8.277283625758464325e+01
7.123207372547609850e+01
8.767626005473564987e+01
7.682675649469250345e+01
1.098555462930480928e+02
5.792759111884053880e+01
9.190177579213364822e+01
9.883304306810552475e+01
1.114174828512354480e+02
7.864964881408039332e+01
9.847437749833936493e+01
8.569154074922779785e+01
9.224607571081999424e+01
3.748390132098095506e+01
9.265441680333482566e+01
8.256261170730886079e+01
1.085207743903688709e+02
8.795087039066349632e+01
6.200659122873931750e+01
9.776354333611236314e+01
1.079419725039540054e+02
4.049045397041059857e+01
7.220495575639426988e+01
6.638423392647048615e+01
6.100793382477359472e+01
7.339165049049307754e+01
5.237231084287432736e+01
6.542118467807269155e+01
6.754920071676239957e+01
9.890260932874912214e+01
6.767633670433576754e+01
8.277668672569504338e+01
9.306208793441759042e+01
7.109486438355513371e+01
5.949425779104354461e+01
9.202658104018867391e+01
7.691710632907707179e+01
6.915263567217489538e+01
4.194082723571966653e+01
8.603750337029285333e+01
8.979235040319758809e+01
9.208512600926243863e+01
4.319869727159375117e+01
8.194091990408657011e+01
3.678624649574641836e+01
8.863764082645343478e+01
1.111890984292433160e+02
9.339075045248848994e+01
5.665325589529650330e+01
7.525797874525932230e+01
7.733775432765608571e+01
6.607261377907398980e+01
7.560194953302284659e+01
9.703664043200708988e+01
8.042173820051921496e+01
9.940463952121925217e+01
7.507801631087733085e+01
6.706686081156399837e+01
8.860260328151194642e+01
6.356572740112068232e+01
6.613119014905703352e+01
2.621380021486907808e+01
8.219029898412610180e+01
4.501060194645422285e+01
1.029181947940205362e+02
9.301214003055123669e+01
1.166622041391244693e+02
7.979825898693037800e+01
5.991567912592057610e+01
7.393690114984480033e+01
7.849724398178501872e+01
8.827989460781668640e+01
9.826584306927721002e+01
7.240250159871673930e+01
1.067940219986784882e+02
8.841227928123078073e+01
8.031382802449034841e+01
7.850783828460096458e+01
1.050534067685553765e+02
9.247093346314595408e+01
6.087174653559068105e+01
8.532276511683892295e+01
7.654472746585294374e+01
9.841232505645369599e+01
1.102523534514394044e+02
6.752158018961718255e+01
5.731972191309814946e+01
4.668285723406802390e+01
4.907663596819846674e+01
7.548449865867392816e+01
6.265179856319663543e+01
8.208041797949532281e+01
6.916993362937893153e+01
9.043684752718733932e+01
7.718064034087129244e+01
7.680820842885512434e+01
6.211697455800437950e+01
7.037849934516205508e+01
6.106901279405708038e+01
6.189941411099320590e+01
6.799915711098671522e+01
7.144863309017304687e+01
8.178796208728006434e+01
4.299267936932733392e+01
1.055244154679176347e+02
1.123266353947160354e+02
1.110640435529109595e+02
7.343444726637819997e+01
7.162375655192940371e+01
9.241160443555519066e+01
7.400216953734987158e+01
1.044344598066277854e+02
5.123297892772133366e+01
1.089989925699455000e+02
9.113737920955411198e+01
8.223525272184890866e+01
8.958783331594669619e+01
5.159519935651245959e+01
7.951747096484312749e+01
5.725727233143830119e+01
9.408986984886161054e+01
7.782162435662380062e+01
8.386171726808807136e+01
7.025695392676556139e+01
5.617283909752496385e+01
1.072869549126890547e+02
6.330578447631054217e+01
7.654905556952348888e+01
1.092221944037808328e+02
6.375341524799118531e+01
8.096404145374074801e+01
6.455587605543136931e+01
8.800156170599707650e+01
7.113906366271557147e+01
9.600322000761032371e+01
1.137871143742324449e+02
7.841974885122978378e+01
8.053880150701479579e+01
9.258438785140155858e+01
4.112259521844772081e+01
8.830986388974319823e+01
9.794560238264288898e+01
7.071540776813972684e+01
9.374685076087681068e+01
7.552639601549886095e+01
3.502640409641661279e+01
8.699743647535417779e+01
1.136547163608146604e+02
6.356226975046363492e+01
6.162120941766834648e+01
1.068192405646088048e+02
8.001698686009348194e+01
1.048015556114833942e+02
1.139341127428020002e+02
1.092024224557871435e+02
8.485816663471933907e+01
5.565905725154146921e+01
1.040867683862062734e+02
6.214949792985804322e+01
1.140767598643301568e+02
1.050414181073085302e+02
8.503583654463302821e+01
7.876020288250327894e+01
1.028731633958661860e+02
4.563164151305352334e+01
1.110179223231158829e+02
8.965530851237487298e+01
7.749043851385840753e+01
8.397087455081233998e+01
1.016398098466403326e+02
1.096770281236276929e+02
5.318451020645398586e+01
8.322633804306302352e+01
7.003611297236712119e+01
7.970521938045897059e+01
1.015991163388793268e+02
4.489597190677800143e+01
4.965577194721047505e+01
7.355179400466238349e+01
5.907847221155614648e+01
7.613607396766722957e+01
6.062796445152639535e+01
1.143802318430059586e+02
7.791894776403523792e+01
1.114883728061254544e+02
8.027254171702867325e+01
1.073939075570883830e+02
1.152196682339602205e+02
9.762993558094625257e+01
7.915205576481997696e+01
1.006566523023139439e+02
1.070563149822720135e+02
1.008402618091662788e+02
1.097364578531039712e+02
7.791717672443955678e+01
8.298083027498263675e+01
5.819090971314229677e+01
5.904637111524925075e+01
1.184606511428218880e+02
1.115161742143601060e+02
9.995524706189020492e+01
9.074023462569017795e+01
1.206104259997910333e+02
9.939903517165839730e+01
8.071488195568031188e+01
3.966770180336222751e+01
7.787946351142829826e+01
6.926906935188247871e+01
1.124336595446219178e+02
8.611398601653100116e+01
1.125449984885346595e+02
8.675117097452987025e+01
7.618912330755007645e+01
9.956811368695947806e+01
1.001796247647728677e+02
9.329731749915775652e+01
9.677800182144839880e+01
1.168097175190810333e+02
1.075118803336064843e+02
9.759817995641037669e+01
1.149274977925304597e+02
1.189849150405319307e+02
1.048656930275328847e+02
8.884048300421717670e+01
9.671459785259644093e+01
1.041265095245988874e+02
9.063734394133659578e+01
8.587927936631551518e+01
5.288113360772107541e+01
1.022770443065019066e+02
9.849676334603175576e+01
7.359321446477959228e+01
9.496978017383813153e+01
7.534707878810733916e+01
8.585456163497869397e+01
1.032136038182586475e+02
1.114376009499391387e+02
4.849984854447065175e+01
9.121257107985677237e+01
8.170181108301210315e+01
8.242509961605620106e+01
9.334409564839006634e+01
1.075752898956386048e+02
9.969834366680228754e+01
9.102940145318332554e+01
1.002830033525778504e+02
9.719682973672600212e+01
6.815724608788180205e+01
8.628754233691506670e+01
1.086003401102535975e+02
4.256330332600651190e+01
9.493452913873733223e+01
5.903966157333257314e+01
8.671766972581178834e+01
1.068476428295446539e+02
7.038263560441734512e+01
7.189288486155034263e+01
7.115134726821199251e+01
7.594132223508937329e+01
8.525817301496719836e+01
9.980490670710103984e+01
9.834044062413970266e+01
7.721205291427850170e+01
5.757565471111148270e+01
7.470574590575265006e+01
1.065318681859225762e+02
6.624746866575357274e+01
9.699783298558257627e+01
7.350782116305364866e+01
6.434856024072220748e+01
1.131742593147684488e+02
1.055868224906560329e+02
5.248144352626977138e+01
6.354555870002645435e+01
1.072276527325027047e+02
6.243817447939902365e+01
7.924476313475979339e+01
8.673218426766972300e+01
1.099474683101695121e+02
9.219011935735191798e+01
9.019695870158629702e+01
8.637220659425059921e+01
9.927960457940896788e+01
9.712934682038503809e+01
8.620016532044999735e+01
1.048282098285638568e+02
3.945505582498551433e+01
1.081076973950584659e+02
6.415765982168811377e+01
9.300465001826935918e+01
1.076968010237607984e+02
8.216378798126585536e+01
7.366453126776855242e+01
7.318547815217741004e+01
1.098058991156436264e+02
1.161303043696360788e+02
6.605324531703706725e+01
5.361321582084013215e+01
1.162428027827050130e+02
4.640443728766925346e+01
1.134736819318881231e+02
8.143728690728669051e+01
5.951519203955364645e+01
7.738923618955624306e+01
5.480181566853241293e+01
1.040819249817764245e+02
7.442053406375092095e+01
7.906122325986575561e+01
9.418754413664578351e+01
6.318561281022448384e+01
4.347444062990663127e+01
8.606644781315208093e+01
7.309096429944737849e+01
1.150331042625130493e+02
6.756340007410842929e+01
1.035724357852380848e+02
7.333907783830841254e+01
4.481406772684317730e+01
5.674525623730367840e+01
1.017606903334371111e+02
1.005684343591505296e+02
6.928176667674469513e+01
6.188671801958618346e+01
3.133909998820337961e+01
6.931450353086454186e+01
9.648489881301847504e+01
6.693127286400805076e+01
8.616482982570140337e+01
9.140258220330794359e+01
6.524993587468308931e+01
8.604380479515145907e+01
7.093250438080049491e+01
1.098074040448322961e+02
8.185717480636564858e+01
9.616312093308950182e+01
1.090789072992881472e+02
1.171333822059554848e+02
1.034608464194476056e+02
8.621634505776803792e+01
1.015963190344454148e+02
8.639590030898084194e+01
8.276479692519392017e+01
9.172273770686405214e+01
6.097191519459246933e+01
1.068227210867343615e+02
3.408946985181757583e+01
8.515866277168231591e+01
9.964905129259152261e+01
7.550284303836704680e+01
1.063262236333851263e+02
1.198403617224171569e+02
6.932565728888613421e+01
1.023608324062684289e+02
9.025243863672233147e+01
4.190100966898000223e+01
5.332769207886168061e+01
7.658851755093154168e+01
8.891828396541053792e+01
1.076649831515832005e+02
7.558710444287605412e+01
1.032595182842022581e+02
9.267909400519151575e+01
5.160237492248963065e+01
7.050403928385276231e+01
1.117961045033033258e+02
1.075917321351931122e+02
9.997514111990460606e+01
4.383196270908100445e+01
8.804972964524195334e+01
6.137208370247140721e+01
6.415305166923562297e+01
1.090230528122805111e+02
6.629991886677649404e+01
8.246704519450739213e+01
1.145990893141089799e+02
7.392585201659262850e+01
1.075200613923275625e+02
5.984914155407503245e+01
6.840813898637560442e+01
4.091432374055307974e+01
1.013981109359149002e+02
9.225335644541927138e+01
1.043418104877746089e+02
1.115155374911431352e+02
6.612148477520746326e+01
7.384307504152468482e+01
6.302458266632405071e+01
1.112840941095966087e+02
9.848215421471309128e+01
9.618825210204055054e+01
1.018572665129152028e+02
9.571428419763785200e+01
6.731590880742884053e+01
6.464537475819123813e+01
6.342655768311309572e+01
9.348173393021197342e+01
6.366923994818257881e+01
7.979831317841772886e+01
8.707987485435583608e+01
8.776402487369784922e+01
6.259274625176148987e+01
1.204380374727262364e+02
9.777598300117796271e+01
6.099522147558742091e+01
8.978688953166160047e+01
3.974787488144822589e+01
9.101228162553852030e+01
5.918956096505564091e+01
1.007444389588874571e+02
9.954884519960100420e+01
4.751991118491845612e+01
8.795855991024259879e+01
7.270195649616123035e+01
1.044649763496148296e+02
6.188119701235255832e+01
9.564897782213806465e+01
6.312170616551691182e+01
9.376311087771046004e+01
3.918695261217964543e+01
1.011058067856736500e+02
9.302772491684704903e+01
1.209835430659520199e+02
6.593231298516791128e+01
9.033075975591573581e+01
7.166864803121002581e+01
3.092102942367499452e+01
8.594108102899505752e+01
8.323998473323422331e+01
1.174770060708463717e+02
7.361806790326984640e+01
5.706308488048298244e+01
6.747910822198494429e+01
4.908503882835629639e+01
1.080642914095217577e+02
8.573877630400720307e+01
8.137250726222445962e+01
1.037309587598466720e+02
9.464062129441789750e+01
7.204512438309041045e+01
1.022867740903026004e+02
1.103035132092107204e+02
8.193537972326127772e+01
1.161758266140303704e+02
5.310027533666401212e+01
6.222828663031030771e+01
6.241361524823064855e+01
8.120013056988872790e+01
9.212929852370588435e+01
1.109184036566049656e+02
6.518048165435615715e+01
7.084440643067658527e+01
1.040867544044925666e+02
1.056603733585766207e+02
8.925254693549058516e+01
8.663699192409670502e+01
1.084442471467435780e+02
1.028666733904719166e+02
8.904969450381236129e+01
8.966537010813969744e+01
1.119984644751808958e+02
7.244486108947675973e+01
4.085684131190412671e+01
8.063881697154748451e+01
1.064945195403006153e+02
1.179832291005846798e+02
6.248866125629671586e+01
8.195572519086729812e+01
1.224481067022122431e+02
1.236147579462885631e+02
5.816807798949331243e+01
6.193497500492271968e+01
1.257939508141501364e+02
7.402891536371535608e+01
4.736756907859642496e+01
1.213887318774568769e+02
8.719059570559309691e+01
9.565953215582061375e+01
1.063319390336922510e+02
9.424343013270777192e+01
9.043777078182546347e+01
8.497644674311267465e+01
9.280210116530975029e+01
7.006337104136106575e+01
6.503201756744556405e+01
1.029931665274152124e+02
6.735311739909758444e+01
7.151146835164550453e+01
7.761393500201771189e+01
8.467149520239108540e+01
1.108278849863106643e+02
8.923904110376372500e+01
9.500380138800234420e+01
1.139731371504012571e+02
8.767447599955426085e+01
1.097975418238845151e+02
7.983281752143705035e+01
1.118190183181075383e+02
9.203997230957745046e+01
6.204587605077865220e+01
9.756030480497906865e+01
7.150553709294536020e+01
7.017450756612771556e+01
7.172952683596591328e+01
8.513573346678641940e+01
8.359136281749047725e+01
5.532943812307449605e+01
5.919855652576359972e+01
3.569703650949278284e+01
9.534228681593306476e+01
8.942909106732781765e+01
3.337667044286738616e+01
7.993155090575042721e+01
5.322137942002449051e+01
6.367849119672862912e+01
4.269985694228400774e+01
1.159062250326226149e+02
9.822355517696577465e+01
6.941242353505424489e+01
4.978608994513253094e+01
9.582167269044109048e+01
9.022639737169411944e+01
5.697609987718315949e+01
1.105807838869304334e+02
8.120475660798000206e+01
6.044871588415951180e+01
9.394205777109347366e+01
5.750971421502701020e+01
7.114613398366509500e+01
1.169373356912873732e+02
7.797788150740703372e+01
5.050106633462223726e+01
9.798461011749306238e+01
1.055114679879151680e+02
4.047314871994244356e+01
1.177207946242919832e+02
7.053947430511770733e+01
7.974796372022150592e+01
3.886802586331337750e+01
8.738463247452867222e+01
6.143887761961789096e+01
7.723284737498057950e+01
6.946210662941042813e+01
8.913906866091318193e+01
7.662334854280778984e+01
7.002018589262087289e+01
5.241947213236051084e+01
7.336979594683661787e+01
8.448080784906778717e+01
8.563796946753737416e+01
7.883242401870249694e+01
6.987531538320266122e+01
6.465773747389229698e+01
5.840805598845859947e+01
4.368863157646148210e+01
7.231920550737436315e+01
1.042131011130307598e+02
1.222170780430916750e+02
4.074303180065359697e+01
6.015719857069638721e+01
9.553967872667169559e+01
9.329387623264193508e+01
9.234299200187652445e+01
6.251407381580865774e+01
7.523929897087460006e+01
1.029467471207493219e+02
9.605369720042814663e+01
1.023835794492566720e+02
4.782562949041864897e+01
1.032512621041480401e+02
5.881515416544855412e+01
5.757165506273567246e+01
9.006921638400319807e+01
5.046107932091868520e+01
8.538898773667871467e+01
5.762735239272497978e+01
5.673013043811209855e+01
1.082106765836013551e+02
5.480356657817159061e+01
4.097916820030486207e+01
4.971343204011530048e+01
5.634708300481066345e+01
1.189134827922407709e+02
4.732781705026297203e+01
4.287873608695371530e+01
7.071428392270121321e+01
8.466940591840202046e+01
6.996640826479368513e+01
1.171861916254055842e+02
1.057030547652181269e+02
7.547814730587241172e+01
6.451377561061364929e+01
6.875056983785107434e+01
6.570523203190323613e+01
1.153403777177795746e+02
9.956445989394096330e+01
1.163146290447490827e+02
9.330189609394156491e+01
6.634826816985955134e+01
1.112380393271356382e+02
1.237006889423514480e+02
1.140597791281444415e+02
5.862749755505769400e+01
9.585854817846224307e+01
1.014305765881119612e+02
6.137786588636514296e+01
4.912355421515196952e+01
9.374591516011088288e+01
1.062038058576637525e+02
8.580235371935900446e+01
8.734056829534529243e+01
9.579969072003287067e+01
1.198088351707560975e+02
1.249609897328786303e+02
6.895200007525070873e+01
7.150569563734566714e+01
1.086251092430761105e+02
1.176136870466248752e+02
8.014851194090357467e+01
6.140527553228636037e+01
5.646982354367003865e+01
8.451534891208299882e+01
1.026165445664609308e+02
8.113528494218199683e+01
1.075421189664534580e+02
8.744703465293642353e+01
1.106225750704080184e+02
1.097294578203177764e+02
8.460801069091473892e+01
6.216923793205626936e+01
7.115237862855246931e+01
1.041275849926248753e+02
9.733813602405894017e+01
1.206952897860471410e+02
8.066684604454397345e+01
5.783735867527631314e+01
1.215628044918131963e+02
1.018145242912259789e+02
9.294936369777801133e+01
1.054870760914995600e+02
1.148751640105632958e+02
1.193644427974573290e+02
1.048442156874593394e+02
1.049269293578381621e+02
1.002459840867528413e+02
5.638939133042617158e+01
1.189895901416829531e+02
1.071388036252259610e+02
9.585562935822756003e+01
1.205624012759076322e+02
8.861482841575300995e+01
8.753805111061514310e+01
1.014539320253361723e+02
1.128549954659848993e+02
1.136674617717787754e+02
1.039050799680338741e+02
6.270752364012815150e+01
7.101442825781293777e+01
9.399719132255668796e+01
1.121168675744557390e+02
1.086774855795473513e+02
7.721507841353319179e+01
9.686615417642907744e+01
1.078423690390332013e+02
7.320553506299197011e+01
6.425598658923986761e+01
1.210083229442898016e+02
1.077191625039072846e+02
6.736247266701350611e+01
4.505484764541115794e+01
1.170220008602078252e+02
9.250858679589244105e+01
1.156027147091840135e+02
7.550145375031407013e+01
1.182732714535429750e+02
1.025238592488856000e+02
1.061487603956137065e+02
9.543216977570763504e+01
8.224975017283875900e+01
1.068709050159539089e+02
7.908900251417293248e+01
1.028136670299975322e+02
1.064603060748156196e+02
6.848769649177549468e+01
7.521804414512868675e+01
6.551382974839283690e+01
7.617482396829564095e+01
1.022201187521450976e+02
9.169154913354498149e+01
1.055416745787389488e+02
4.879024174079930276e+01
8.062445786757035648e+01
6.832775416556010839e+01
5.868456898009050349e+01
1.191512826429394778e+02
1.137853642211723155e+02
1.225295389333940506e+02
8.921092754215965215e+01
1.161937019780422418e+02
1.141001828642127265e+02
7.057820412614650252e+01
7.063948911523807794e+01
7.837905356431431869e+01
9.193857405057347876e+01
9.480068913615296822e+01
8.289674060925673871e+01
5.274285349508047460e+01
9.506305546936282269e+01
5.033991835614069288e+01
7.172382423294199327e+01
8.245700985249661130e+01
8.168939942444291091e+01
8.639798403220852663e+01
6.443106666337232014e+01
8.685025770087943897e+01
9.725490522711331209e+01
7.352409510830258910e+01
1.082186143877530782e+02
1.059658943573966923e+02
8.831925154943589007e+01
9.017405535592915555e+01
1.280292573700277217e+02
6.940659792776629899e+01
1.128119956039904963e+02
1.206690299658505410e+02
1.050905892523451541e+02
1.063402030424842337e+02
1.076228087776429021e+02
8.493039641959579455e+01
1.239388182523379243e+02
6.264137767848286131e+01
9.642472128849865953e+01
8.168725734243317049e+01
9.611396329553080875e+01
1.156740864061234646e+02
1.007790917127339583e+02
5.593787858759964848e+01
4.463046439261488274e+01
9.820262917733028019e+01
8.658580114536913186e+01
8.521567419442480684e+01
9.151547397306062237e+01
1.270290470207799558e+02
1.162365877706129424e+02
9.745939122397739141e+01
1.148691346697330573e+02
7.277236571870201942e+01
4.787505560299970142e+01
7.087202209411897513e+01
1.133893059046605458e+02
9.418949751868338183e+01
1.275535454118205649e+02
1.045320371876865408e+02
9.954808162460868459e+01
1.252121691649791160e+02
1.130912464077215702e+02
8.121538278638071517e+01
1.105795187715115588e+02
7.475811452446991723e+01
1.053080022646745135e+02
8.702817289550597479e+01
1.144492708431936023e+02
8.408291891591184708e+01
9.454568212995398824e+01
7.664358990607929911e+01
1.016991789786896732e+02
9.741274461159443376e+01
9.630584422994148497e+01
7.375810976547882092e+01
1.094977458049053780e+02
1.210057722713336830e+02
5.910133311748006690e+01
1.032993191969806617e+02
1.227419465506318375e+02
1.067450399406226609e+02
9.570861482069928172e+01
6.135730203590537002e+01
6.019846381328693496e+01
8.016418199649373832e+01
6.893428830785650518e+01
1.068315694751200908e+02
1.112010529562540455e+02
1.139860939571191096e+02
7.839019119200287378e+01
1.229177586768293224e+02
5.405249497596447839e+01
8.759805554140598360e+01
1.017382648972135968e+02
1.028970422297442724e+02
1.066380581964108387e+02
5.919139791546366069e+01
1.167233664955669923e+02
9.643803160383397710e+01
1.218693895492164074e+02
1.007776965227032235e+02
1.046081641838483023e+02
8.963597620943528455e+01
9.355321079430559905e+01
1.184140203454358158e+02
8.187451846816964007e+01
5.409246630510951803e+01
1.043501320627202062e+02
1.204782440246407589e+02
5.935309249617704097e+01
1.109234426470766692e+02
1.027301814565768154e+02
7.259440660110567478e+01
8.981492931564876869e+01
1.215706432956878729e+02
1.228990431739482716e+02
9.671907837718542567e+01
1.118710024981149047e+02
1.039011975392468656e+02
1.213279311039770647e+02
8.307943003532137993e+01
9.692607207857621177e+01
8.098872395497659227e+01
7.579867385135658253e+01
6.173548964406081296e+01
9.226605926847027206e+01
5.659501751265846536e+01
1.108567512750872197e+02
9.141043190313179423e+01
9.935481778824215837e+01
9.644475761434429728e+01
1.115933445780937490e+02
1.302807505805613459e+02
8.289538230779469075e+01
5.813446018799194093e+01
9.571748940092244595e+01
6.222265805638924263e+01
8.844152265081918074e+01
9.754409488106826132e+01
8.872853199005952263e+01
8.052409169614557527e+01
6.537287236205311558e+01
6.133774594242344591e+01
7.294213995860307875e+01
1.039118386360649851e+02
1.246785267408650526e+02
7.808040255098936200e+01
1.082914337941817422e+02
9.204179829285493497e+01
1.285967392732829637e+02
9.561527623767409523e+01
8.324685771769986786e+01
1.061082741858478187e+02
1.294398313986168603e+02
1.198635550303287545e+02
9.601563255035016198e+01
1.023901119582851464e+02
1.016305279661089287e+02
8.018291415556113577e+01
9.740164742400267528e+01
9.605397045765184316e+01
1.176893520703686988e+02
1.086032193251127751e+02
1.196147634216034845e+02
1.102951291291391129e+02
1.257300850088870305e+02
1.019446273355054728e+02
8.866401382948318144e+01
5.295843003466621468e+01
6.154326765207148497e+01
1.003082828474953914e+02
1.048790058234176570e+02
8.236196761408672273e+01
7.354983875319256015e+01
9.120004962059739739e+01
8.648770006322465065e+01
1.270745452315556605e+02
1.082656891913696029e+02
6.399664560937299029e+01
1.304582609832342825e+02
1.240786353759218485e+02
7.138058583350320419e+01
9.783730773128262115e+01
1.221653095104652209e+02
1.286479080665372408e+02
1.067880288098080257e+02
7.439341999455089649e+01
9.656397907250614310e+01
1.033535414363074381e+02
1.048775518367592099e+02
8.801318686252173507e+01
8.527209725787943739e+01
7.410164026649334801e+01
9.707181143352120500e+01
9.119530039733152194e+01
1.297430409928557822e+02
6.749881894345026012e+01
1.187276569383788711e+02
9.700666411184153048e+01
8.221892250985052897e+01
1.001926482551278781e+02
7.345944947875329945e+01
8.577109828720918472e+01
5.652009380524680893e+01
8.966118755108450955e+01
1.133763773950304312e+02
1.229484116849337880e+02
1.041081883829142640e+02
4.933042452304092507e+01
1.222100992426151009e+02
7.833175493992099803e+01
7.565506499539532115e+01
1.214864298703910208e+02
7.397963636257615860e+01
9.145479971762284777e+01
1.037799963898498419e+02
1.194653605035961590e+02
1.241051961253929647e+02
9.629580098713969960e+01
1.099147388522664528e+02
1.299852897113692336e+02
5.859672115814231574e+01
1.227267484557983011e+02
9.605827432226082863e+01
5.624317493894041320e+01
1.216679208848930784e+02
9.944375403004548275e+01
5.272136717537427586e+01
9.176273269664130794e+01
7.680657249017055221e+01
1.263420902809612727e+02
7.702248803057071314e+01
8.121834017751706369e+01
1.046647937268849518e+02
8.283036018112889565e+01
5.573083458969932735e+01
7.436982549274090104e+01
9.997451531437263839e+01
1.002343476318097402e+02
1.136235805962524381e+02
7.767566528184454455e+01
9.613860841371268862e+01
1.200289723028321873e+02
1.044078299191060353e+02
6.722822953092226328e+01
6.998435421898966524e+01
1.004510514620974817e+02
1.186789965674390714e+02
1.172392550522552028e+02
9.699977339680110333e+01
1.183511678976479118e+02
1.046656422619256830e+02
8.960684592289331363e+01
6.393233597354123532e+01
6.253830636355262129e+01
9.969592976104026150e+01
1.311967884079761291e+02
1.185256628103007444e+02
8.815072463975661776e+01
1.010527491723536286e+02
8.552353197071538204e+01
8.300507879501343211e+01
6.673249821609100252e+01
1.187490648254356387e+02
1.126563992966810446e+02
6.956557742598080551e+01
8.386844187695535879e+01
8.049395367283636915e+01
1.034599007714630545e+02
6.797910123914401481e+01
7.053885608796063877e+01
8.872183487413963121e+01
9.683396930102520628e+01
1.056861144753724631e+02
9.300728232073331014e+01
7.836491575719325908e+01
9.665149440652172075e+01
9.575085953637180580e+01
6.964427787116044044e+01
9.498098016793041154e+01
1.313369225234417570e+02
1.067859355194660793e+02
7.855855178172983244e+01
9.821102354053543593e+01
9.868915967333069261e+01
9.144768390579881157e+01
1.032086747901777244e+02
1.233288221521975032e+02
1.096696038438555263e+02
9.905197291772485357e+01
1.137860056868702969e+02
1.269037744487545467e+02
1.143024946010988572e+02
1.270715365896806759e+02
8.178663825849314151e+01
9.984634024716672229e+01
1.134771826635980005e+02
7.011742618178077180e+01
1.195405979944325168e+02
9.225230544654549192e+01
9.970109300298288701e+01
1.255108239361084657e+02
9.133054570799905036e+01
1.273171384496909297e+02
1.193234529126647487e+02
8.097748650490234468e+01
8.000927439558419962e+01
1.232217023697799050e+02
7.654692460020409328e+01
1.145717207099930448e+02
1.203665364352803522e+02
1.055533379942387313e+02
1.128721018653518229e+02
8.888428438299756351e+01
1.026404299668083127e+02
9.846748482258448121e+01
8.954947648158592699e+01
1.033024533928380748e+02
1.166141159070439812e+02
8.591363641868350953e+01
8.712822627079795268e+01
9.718420517922859858e+01
5.823989227157194648e+01
8.686140459614559006e+01
9.762266499828855615e+01
1.232030673210640543e+02
1.034419912547019180e+02
1.061265710973469965e+02
1.318294104943153116e+02
8.703700455199064834e+01
1.240880134305384388e+02
1.038856519231257067e+02
6.162080973762525105e+01
1.213668255665370452e+02
7.847277153284983342e+01
8.278660937173253842e+01
1.094793817173937072e+02
7.067968244467529360e+01
1.183682076220883914e+02
1.236058797755419221e+02
1.114115225970223122e+02
1.087378035216764829e+02
6.379524847064038084e+01
7.995654207554643733e+01
8.761248909688303854e+01
9.308859687327958454e+01
1.181329940606136830e+02
9.074462176902528654e+01
8.797591096125711374e+01
1.156567996994531313e+02
9.693104182751196163e+01
1.168109177999116071e+02
1.195587725286690386e+02
4.926091817569751896e+01
1.029594688681453931e+02
1.197389767357919794e+02
9.995240575109320957e+01
1.213821635715598006e+02
1.014033156459377665e+02
8.360764053136092855e+01
1.236235974467573158e+02
1.201340882569321167e+02
9.850774579136256648e+01
1.262595312263743210e+02
1.055271577733349488e+02
8.470941511169772298e+01
8.199672795598418418e+01
1.066360242715986573e+02
1.341102625885632449e+02
1.033164184151017082e+02
7.672017928362839712e+01
8.261942345290236744e+01
1.001861960311586444e+02
1.244798528089118719e+02
1.293020321869864517e+02
7.347925201757323066e+01
8.795677144752288257e+01
1.325486811075964226e+02
1.147007522982403316e+02
1.189947859562204542e+02
9.665387831135718955e+01
1.020323304085194138e+02
1.326761009710040469e+02
6.803022720537251189e+01
9.750014498910007887e+01
9.996301490598705186e+01
1.317885896755343254e+02
1.267552487584281238e+02
1.316646799068225278e+02
1.263050699392488099e+02
1.194623802753006885e+02
1.299072477221609461e+02
1.254107135108555298e+02
1.162695458777679391e+02
6.172623989701653358e+01
1.032453340814422234e+02
8.144588259164932253e+01
1.033413558569728963e+02
9.342322380070376653e+01
1.302198657862107893e+02
1.097522491534670337e+02
7.383822072132689129e+01
9.203445388771515923e+01
8.489929037681690716e+01
5.136389584936755881e+01
1.174962395149881473e+02
1.073157383545105148e+02
9.086487162640193560e+01
9.617927908709063445e+01
1.205187819159548752e+02
1.206618150272441596e+02
7.385839099524115170e+01
1.313127693890999126e+02
1.088099219791833576e+02
1.205468078051599718e+02
1.226435433725791455e+02
7.544266880521529117e+01
8.630334098621074190e+01
1.330087046209988557e+02
1.083863017474303234e+02
7.851265812626033380e+01
1.039180760828862020e+02
8.449717198154425546e+01
1.228492393575798047e+02
6.434244635798712864e+01
7.753273769994713405e+01
6.508826305464904749e+01
6.345904276166388058e+01
8.468801398826532534e+01
6.570874602952414989e+01
1.072140168512312073e+02
1.319704241837025052e+02
9.315954884433614325e+01
9.840964671970998268e+01
8.648324811806027412e+01
1.180973818990413235e+02
1.270055926310372456e+02
1.061828970910811734e+02
1.334227595091065552e+02
1.065732979772235609e+02
1.209445648210476065e+02
1.111187615984196952e+02
5.928256487581971612e+01
1.203844604823281372e+02
1.055733182877942795e+02
1.038912056810193008e+02
8.129249348505298656e+01
1.079965067105748346e+02
1.136620239856395926e+02
8.650999222754052198e+01
7.561839971016492257e+01
7.850863628276346162e+01
8.146801799665951194e+01
5.906909482084642349e+01
1.250484195353050296e+02
8.655555412037874419e+01
9.197809141663954335e+01
7.410621719220154091e+01
8.663210930819681721e+01
1.027003894499051029e+02
1.195603870203110830e+02
1.211951826991752341e+02
1.286798264107334262e+02
9.213521558788551147e+01
1.111689312033072383e+02
1.112286654959735444e+02
1.064207018365590329e+02
9.429931396842333413e+01
8.782243433367786167e+01
9.899643103811892786e+01
1.147989758469968535e+02
9.764124512247191490e+01
7.831365666788201452e+01
1.319666088409952067e+02
7.515232177566970506e+01
1.145929132082688113e+02
1.278658066125837962e+02
1.237737461019135026e+02
8.177957653399597859e+01
1.175312078550425525e+02
6.754202758600497702e+01
7.691578490015290015e+01
8.635932609375042546e+01
1.090034424071449450e+02
8.794608739767316763e+01
9.479121398285822409e+01
7.400397684693912481e+01
7.871717788998152798e+01
6.402140658597983247e+01
8.613126189234154140e+01
5.519772363391310677e+01
8.483007708732257868e+01
6.870406880706177333e+01
1.155467562324600124e+02
5.876826729234452529e+01
9.560974880122891761e+01
1.081073849841335743e+02
6.398275483714419209e+01
1.124324063195643646e+02
1.059438372436930678e+02
1.209090214280909237e+02
1.235060710271010720e+02
1.057766590970143312e+02
9.015663271534594969e+01
1.117504298874528388e+02
1.275315614334926408e+02
1.352682278011450308e+02
6.825750964183590952e+01
1.341024798285991153e+02
1.349660212959046532e+02
8.858709678540000709e+01
1.043670960456494754e+02
1.133652636246316803e+02
8.761487588746193467e+01
6.232272526633412468e+01
7.577671471597263064e+01
8.038447215787408595e+01
1.084321529313511689e+02
1.059354288671074471e+02
7.163176338981516267e+01
1.129581575424917332e+02
9.586284900885722493e+01
1.089931660573138714e+02
1.123340376733387274e+02
1.133216885985354310e+02
9.015279831218261108e+01
8.728204567910533740e+01
6.715402197707808796e+01
1.048361945515174796e+02
1.273586077150878424e+02
9.769297144385002696e+01
1.369828484707101666e+02
1.161237520568078594e+02
1.133800123507695901e+02
1.208059445804099283e+02
1.282740700826489331e+02
7.320834186190492687e+01
1.269643692916561406e+02
8.188803786491334336e+01
1.036562702460826415e+02
9.766289864803833609e+01
1.319598421599221183e+02
7.419127808850321060e+01
1.093587495553236266e+02
1.101765490967528081e+02
1.173209080426973685e+02
1.010486455863035928e+02
1.098161523439543714e+02
8.778252640815740904e+01
7.690379108026387200e+01
