#! FIELDS time mt.bias
 0.000000 0.000000
 1.000000 0.000000
 2.000000 0.000000
 3.000000 0.000000
 4.000000 0.000000
 5.000000 0.000000
 6.000000 0.000000
 7.000000 0.939084
 8.000000 1.998910
 9.000000 0.000000
 10.000000 0.000000
 11.000001 0.000000
 12.000001 0.000000
 13.000001 0.021650
 14.000001 0.009114
 15.000001 1.002589
 16.000001 0.480871
 17.000001 0.000000
 18.000001 0.000000
 19.000001 0.125599
 20.000001 0.013914
 21.000001 0.000000
 22.000001 0.000000
 23.000001 0.166064
 24.000001 1.999895
 25.000001 0.055808
 26.000001 3.446609
 27.000001 0.000000
 28.000001 0.051772
 29.000001 0.014759
 30.000001 0.069990
 31.000001 0.449484
 32.000002 0.029753
 33.000002 0.665716
 34.000002 1.443673
 35.000002 1.732894
 36.000002 0.006900
 37.000002 0.574734
 38.000002 2.104214
 39.000002 1.014727
 40.000002 1.285469
 41.000002 0.383259
 42.000002 1.364247
 43.000002 0.010535
 44.000002 0.009698
 45.000002 0.012310
 46.000002 2.033506
 47.000002 0.929176
 48.000002 2.731330
 49.000002 0.566525
 50.000002 0.751249
 51.000002 2.420659
 52.000002 1.785722
 53.000003 0.011572
 54.000003 0.056290
 55.000003 2.487887
 56.000003 2.395304
 57.000003 0.020005
 58.000003 3.796485
 59.000003 0.000000
 60.000003 0.300364
 61.000003 2.647374
 62.000003 0.010131
 63.000003 1.510097
 64.000003 0.248372
 65.000003 0.644696
 66.000003 3.961036
 67.000003 2.789475
 68.000003 0.074299
 69.000003 0.192600
 70.000003 3.926424
 71.000003 0.035357
 72.000003 2.536143
 73.000003 1.210381
 74.000004 1.677492
 75.000004 1.403875
 76.000004 0.048751
 77.000004 3.120402
 78.000004 2.512502
 79.000004 1.926428
 80.000004 0.605175
 81.000004 0.058320
 82.000004 0.120362
 83.000004 4.100206
 84.000004 2.576957
 85.000004 0.688634
 86.000004 2.220257
 87.000004 0.939051
 88.000004 0.399319
 89.000004 0.000000
 90.000004 2.038429
 91.000004 3.589329
 92.000004 2.175130
 93.000004 3.147086
 94.000004 1.803524
 95.000005 0.685389
 96.000005 1.593665
 97.000005 0.849162
 98.000005 0.712437
 99.000005 0.501294
 100.000005 2.102911
 101.000005 4.273234
 102.000005 1.096913
 103.000005 2.883541
 104.000005 3.065944
 105.000005 2.300430
 106.000005 2.821958
 107.000005 4.072172
 108.000005 0.167262
 109.000005 4.449798
 110.000005 1.972175
 111.000005 0.868701
 112.000005 2.872918
 113.000005 0.467564
 114.000005 0.650854
 115.000005 0.779605
 116.000006 2.643172
 117.000006 2.925486
 118.000006 2.251814
 119.000006 4.651510
 120.000006 2.985776
 121.000006 2.994933
 122.000006 0.894421
 123.000006 1.731029
 124.000006 0.000000
 125.000006 3.094751
 126.000006 0.000000
 127.000006 1.381169
 128.000006 0.678914
 129.000006 4.498051
 130.000006 2.653316
 131.000006 4.191537
 132.000006 1.306572
 133.000006 0.747917
 134.000006 1.523876
 135.000006 0.000000
 136.000006 3.087786
 137.000007 2.552661
 138.000007 3.585357
 139.000007 2.722595
 140.000007 2.607750
 141.000007 3.722682
 142.000007 6.382271
 143.000007 0.000000
 144.000007 0.357859
 145.000007 2.819996
 146.000007 2.142187
 147.000007 5.085085
 148.000007 3.697755
 149.000007 0.269398
 150.000007 2.500499
 151.000007 2.237800
 152.000007 5.818901
 153.000007 1.147214
 154.000007 2.709050
 155.000007 3.414934
 156.000007 0.017053
 157.000007 5.027383
 158.000008 4.441025
 159.000008 0.480075
 160.000008 0.000253
 161.000008 1.285578
 162.000008 0.693803
 163.000008 5.788958
 164.000008 0.923266
 165.000008 3.713699
 166.000008 0.621880
 167.000008 2.525572
 168.000008 3.390161
 169.000008 2.747716
 170.000008 2.989489
 171.000008 2.186639
 172.000008 3.538440
 173.000008 0.038710
 174.000008 4.131754
 175.000008 2.538364
 176.000008 4.877407
 177.000008 1.059882
 178.000008 3.753639
 179.000009 6.602371
 180.000009 2.704334
 181.000009 5.219602
 182.000009 6.236806
 183.000009 2.965029
 184.000009 4.061222
 185.000009 3.035969
 186.000009 2.826673
 187.000009 4.226369
 188.000009 5.070047
 189.000009 0.362619
 190.000009 1.140050
 191.000009 3.757166
 192.000009 6.144702
 193.000009 5.238798
 194.000009 0.980279
 195.000009 5.344085
 196.000009 1.510032
 197.000009 1.825576
 198.000009 5.128779
 199.000009 4.798924
 200.000009 0.590163
 201.000010 5.279332
 202.000010 1.164250
 203.000010 4.539438
 204.000010 1.841600
 205.000010 6.465288
 206.000010 3.278934
 207.000010 7.270890
 208.000010 1.590261
 209.000010 4.839111
 210.000010 2.912594
 211.000010 0.132196
 212.000010 5.763236
 213.000010 6.966409
 214.000010 4.949880
 215.000010 7.944206
 216.000010 4.319544
 217.000010 2.849258
 218.000010 1.692562
 219.000010 0.024594
 220.000010 0.105955
 221.000010 3.990454
 222.000011 6.186669
 223.000011 1.553414
 224.000011 3.947807
 225.000011 2.353251
 226.000011 5.472608
 227.000011 1.257639
 228.000011 0.108093
 229.000011 3.589137
 230.000011 1.912657
 231.000011 2.320632
 232.000011 8.741959
 233.000011 0.057282
 234.000011 1.962109
 235.000011 7.014929
 236.000011 3.672510
 237.000011 4.171043
 238.000011 4.987754
 239.000011 1.521056
 240.000011 2.028371
 241.000011 5.895875
 242.000011 2.767271
 243.000012 5.131198
 244.000012 1.478366
 245.000012 4.055500
 246.000012 2.791662
 247.000012 2.034360
 248.000012 1.524076
 249.000012 1.819858
 250.000012 0.252406
 251.000012 5.349546
 252.000012 7.914583
 253.000012 4.509151
 254.000012 1.687611
 255.000012 5.390000
 256.000012 5.456713
 257.000012 3.277161
 258.000012 0.558319
 259.000012 2.313215
 260.000012 0.853656
 261.000012 4.043980
 262.000012 6.476919
 263.000012 2.358168
 264.000013 7.054177
 265.000013 4.293510
 266.000013 2.666490
 267.000013 1.332846
 268.000013 9.531939
 269.000013 7.072297
 270.000013 5.677414
 271.000013 4.006323
 272.000013 8.741883
 273.000013 8.634862
 274.000013 6.358495
 275.000013 7.280582
 276.000013 3.492420
 277.000013 5.266985
 278.000013 6.399069
 279.000013 2.194215
 280.000013 2.301035
 281.000013 5.082568
 282.000013 4.882418
 283.000013 10.004012
 284.000013 2.755648
 285.000014 0.650552
 286.000014 7.644318
 287.000014 4.717696
 288.000014 6.526892
 289.000014 5.724666
 290.000014 10.440769
 291.000014 5.332829
 292.000014 3.934492
 293.000014 6.951630
 294.000014 10.663497
 295.000014 6.780946
 296.000014 4.991743
 297.000014 4.760923
 298.000014 4.165589
 299.000014 7.903211
 300.000014 7.230808
 301.000014 5.502776
 302.000014 0.169813
 303.000014 6.505407
 304.000014 0.231467
 305.000014 0.869671
 306.000015 3.932685
 307.000015 7.991880
 308.000015 7.921701
 309.000015 0.809268
 310.000015 3.155601
 311.000015 5.567367
 312.000015 3.240141
 313.000015 9.028113
 314.000015 4.401328
 315.000015 4.207112
 316.000015 7.899365
 317.000015 1.173888
 318.000015 4.451191
 319.000015 8.496762
 320.000015 4.235529
 321.000015 4.342761
 322.000015 7.274196
 323.000015 4.883738
 324.000015 4.890619
 325.000015 3.219596
 326.000015 8.414441
 327.000016 6.305621
 328.000016 0.178309
 329.000016 3.270976
 330.000016 0.218031
 331.000016 5.048122
 332.000016 2.319101
 333.000016 8.850079
 334.000016 3.106282
 335.000016 2.576330
 336.000016 4.545220
 337.000016 9.250986
 338.000016 5.636098
 339.000016 5.736195
 340.000016 5.926481
 341.000016 10.695375
 342.000016 8.012701
 343.000016 1.882981
 344.000016 6.288105
 345.000016 1.677784
 346.000016 8.270389
 347.000016 4.311713
 348.000017 5.518465
 349.000017 4.182623
 350.000017 0.835325
 351.000017 7.564371
 352.000017 2.521660
 353.000017 6.332171
 354.000017 0.802649
 355.000017 9.155095
 356.000017 0.003208
 357.000017 0.116980
 358.000017 1.657626
 359.000017 1.823260
 360.000017 6.784962
 361.000017 1.243041
 362.000017 6.442777
 363.000017 10.286112
 364.000017 1.761919
 365.000017 7.491894
 366.000017 0.223224
 367.000017 3.550662
 368.000017 5.597476
 369.000018 5.484621
 370.000018 3.690103
 371.000018 5.839224
 372.000018 10.583020
 373.000018 7.647243
 374.000018 5.637484
 375.000018 2.875267
 376.000018 7.577429
 377.000018 2.903896
 378.000018 9.469669
 379.000018 6.255815
 380.000018 9.718818
 381.000018 6.059998
 382.000018 3.769067
 383.000018 9.302488
 384.000018 9.752592
 385.000018 1.280886
 386.000018 5.802424
 387.000018 1.134214
 388.000018 7.054672
 389.000018 5.852178
 390.000019 5.596994
 391.000019 6.584909
 392.000019 4.106860
 393.000019 0.752229
 394.000019 0.228190
 395.000019 5.953723
 396.000019 3.968892
 397.000019 3.895543
 398.000019 3.035987
 399.000019 4.547474
 400.000019 7.035906
 401.000019 1.549059
 402.000019 6.599826
 403.000019 10.431009
 404.000019 6.722136
 405.000019 2.733574
 406.000019 8.794297
 407.000019 4.829226
 408.000019 7.645039
 409.000019 1.834453
 410.000019 2.464773
 411.000020 6.051174
 412.000020 5.961812
 413.000020 1.547577
 414.000020 2.612124
 415.000020 5.315161
 416.000020 8.741007
 417.000020 6.220275
 418.000020 6.103917
 419.000020 7.200811
 420.000020 2.297702
 421.000020 8.656410
 422.000020 8.219990
 423.000020 10.631658
 424.000020 7.429137
 425.000020 5.098024
 426.000020 8.806629
 427.000020 7.566673
 428.000020 9.477902
 429.000020 6.569728
 430.000020 7.078292
 431.000020 7.627727
 432.000021 8.747780
 433.000021 7.609568
 434.000021 2.427759
 435.000021 0.057363
 436.000021 3.506888
 437.000021 9.930451
 438.000021 1.611979
 439.000021 5.418158
 440.000021 8.897007
 441.000021 1.418509
 442.000021 7.260251
 443.000021 11.407476
 444.000021 7.289784
 445.000021 1.061348
 446.000021 6.552316
 447.000021 8.201566
 448.000021 12.691960
 449.000021 9.712351
 450.000021 3.185730
 451.000021 11.435614
 452.000021 3.017837
 453.000022 8.250355
 454.000022 2.387211
 455.000022 1.597183
 456.000022 6.555468
 457.000022 2.936086
 458.000022 8.989202
 459.000022 12.394262
 460.000022 0.000000
 461.000022 5.983850
 462.000022 3.054732
 463.000022 5.435485
 464.000022 7.407562
 465.000022 9.261733
 466.000022 7.597172
 467.000022 7.086192
 468.000022 4.080389
 469.000022 3.771194
 470.000022 8.432004
 471.000022 10.183922
 472.000022 8.350270
 473.000022 4.435467
 474.000023 1.484051
 475.000023 0.000000
 476.000023 2.792438
 477.000023 7.198409
 478.000023 4.913212
 479.000023 9.007286
 480.000023 0.000000
 481.000023 8.323252
 482.000023 8.721288
 483.000023 5.096234
 484.000023 5.186880
 485.000023 9.096414
 486.000023 6.143832
 487.000023 5.089772
 488.000023 5.726871
 489.000023 1.402093
 490.000023 9.618196
 491.000023 11.422021
 492.000023 9.427881
 493.000023 8.496620
 494.000023 2.256257
 495.000024 10.389305
 496.000024 12.085500
 497.000024 9.389607
 498.000024 8.696834
 499.000024 8.304127
 500.000024 10.559125
 501.000024 7.234497
 502.000024 8.609812
 503.000024 4.823135
 504.000024 8.620959
 505.000024 7.250343
 506.000024 12.763504
 507.000024 6.562754
 508.000024 6.817980
 509.000024 9.320003
 510.000024 0.501731
 511.000024 7.452326
 512.000024 3.875344
 513.000024 8.438613
 514.000024 12.557285
 515.000024 9.673502
 516.000025 0.937795
 517.000025 6.373523
 518.000025 1.719023
 519.000025 6.975064
 520.000025 2.775849
 521.000025 4.553516
 522.000025 10.188206
 523.000025 10.740172
 524.000025 6.234906
 525.000025 11.052260
 526.000025 3.493413
 527.000025 6.257487
 528.000025 7.613302
 529.000025 10.024669
 530.000025 0.286178
 531.000025 7.062468
 532.000025 4.790587
 533.000025 4.127855
 534.000025 10.489009
 535.000025 9.947197
 536.000025 12.314376
 537.000026 14.092936
 538.000026 3.427452
 539.000026 9.687130
 540.000026 8.970430
 541.000026 8.805191
 542.000026 2.698916
 543.000026 3.912946
 544.000026 6.898890
 545.000026 7.660870
 546.000026 9.922936
 547.000026 10.068699
 548.000026 1.439267
 549.000026 1.082552
 550.000026 1.783065
 551.000026 10.234355
 552.000026 6.270560
 553.000026 0.094199
 554.000026 9.324384
 555.000026 5.557513
 556.000026 1.742180
 557.000026 9.548528
 558.000027 6.778806
 559.000027 0.000000
 560.000027 0.000000
 561.000027 0.000000
 562.000027 0.000000
 563.000027 0.398773
 564.000027 0.231768
 565.000027 0.000000
 566.000027 0.085428
 567.000027 0.142047
 568.000027 0.836946
 569.000027 0.000000
 570.000027 0.083923
 571.000027 0.491659
 572.000027 0.435593
 573.000027 2.152378
 574.000027 0.072715
 575.000027 1.579676
 576.000027 2.728470
 577.000027 3.084506
 578.000027 0.007496
 579.000028 0.844845
 580.000028 1.925252
 581.000028 0.015938
 582.000028 2.245526
 583.000028 0.298968
 584.000028 3.836122
 585.000028 3.696438
 586.000028 1.684038
 587.000028 0.293210
 588.000028 3.093819
 589.000028 1.742622
 590.000028 0.400989
 591.000028 5.874968
 592.000028 0.000000
 593.000028 0.000000
 594.000028 0.101689
 595.000028 3.218337
 596.000028 1.528029
 597.000028 3.580472
 598.000028 0.280990
 599.000028 2.523709
 600.000028 0.033572
 601.000029 3.598772
 602.000029 4.634443
 603.000029 5.089348
 604.000029 0.094796
 605.000029 0.759856
 606.000029 6.371459
 607.000029 2.687652
 608.000029 7.916694
 609.000029 2.274124
 610.000029 1.217227
 611.000029 6.666578
 612.000029 1.778775
 613.000029 0.657856
 614.000029 1.803052
 615.000029 5.313350
 616.000029 6.805743
 617.000029 8.291513
 618.000029 0.416960
 619.000029 4.362746
 620.000029 4.290041
 621.000029 9.030368
 622.000030 2.612032
 623.000030 4.915448
 624.000030 2.020821
 625.000030 1.849436
 626.000030 2.424153
 627.000030 1.469649
 628.000030 0.347837
 629.000030 3.011916
 630.000030 1.070582
 631.000030 8.798625
 632.000030 1.005704
 633.000030 2.620821
 634.000030 5.492981
 635.000030 10.484982
 636.000030 3.858035
 637.000030 2.370504
 638.000030 1.479551
 639.000030 4.801355
 640.000030 0.347456
 641.000030 5.776115
 642.000030 7.609947
 643.000031 3.206249
 644.000031 0.007190
 645.000031 3.577975
 646.000031 2.839670
 647.000031 3.955794
 648.000031 1.373120
 649.000031 2.293200
 650.000031 7.462358
 651.000031 4.434400
 652.000031 2.774090
 653.000031 0.003397
 654.000031 0.777500
 655.000031 0.076718
 656.000031 2.514411
 657.000031 9.930011
 658.000031 6.780107
 659.000031 1.648012
 660.000031 0.389962
 661.000031 12.920578
 662.000031 7.971835
 663.000031 0.668308
 664.000032 0.984378
 665.000032 15.313884
 666.000032 11.767154
 667.000032 1.764028
 668.000032 10.906970
 669.000032 0.425803
 670.000032 0.598373
 671.000032 10.263532
 672.000032 8.330840
 673.000032 2.907133
 674.000032 4.700853
 675.000032 10.340429
 676.000032 12.587112
 677.000032 12.059176
 678.000032 0.262679
 679.000032 11.252043
 680.000032 1.717016
 681.000032 0.618780
 682.000032 10.149463
 683.000032 5.239859
 684.000032 0.936120
 685.000033 11.683901
 686.000033 9.954962
 687.000033 3.955403
 688.000033 10.437133
 689.000033 0.004181
 690.000033 10.025988
 691.000033 3.466693
 692.000033 2.681020
 693.000033 7.351590
 694.000033 10.997036
 695.000033 10.596491
 696.000033 11.614165
 697.000033 13.853642
 698.000033 10.126199
 699.000033 1.830916
 700.000033 12.990934
 701.000033 11.289623
 702.000033 11.785144
 703.000033 3.890862
 704.000033 7.689462
 705.000033 13.458264
 706.000034 10.831559
 707.000034 4.562764
 708.000034 11.443595
 709.000034 2.143751
 710.000034 6.608378
 711.000034 9.765403
 712.000034 12.935433
 713.000034 14.859254
 714.000034 9.298681
 715.000034 3.584517
 716.000034 3.897520
 717.000034 4.868995
 718.000034 1.158241
 719.000034 5.126234
 720.000034 13.870774
 721.000034 0.688997
 722.000034 3.284627
 723.000034 3.297985
 724.000034 13.474782
 725.000034 10.152657
 726.000034 10.629243
 727.000035 10.130790
 728.000035 9.983739
 729.000035 1.041468
 730.000035 8.418813
 731.000035 13.227750
 732.000035 4.960283
 733.000035 2.746571
 734.000035 2.978406
 735.000035 9.694841
 736.000035 5.377109
 737.000035 12.541116
 738.000035 3.216064
 739.000035 14.445228
 740.000035 8.719536
 741.000035 10.893534
 742.000035 8.937818
 743.000035 5.000924
 744.000035 9.965519
 745.000035 14.673129
 746.000035 6.188266
 747.000035 11.808616
 748.000036 7.154142
 749.000036 13.805506
 750.000036 10.792973
 751.000036 10.054953
 752.000036 16.344102
 753.000036 10.810042
 754.000036 12.082173
 755.000036 3.808351
 756.000036 0.483251
 757.000036 4.328013
 758.000036 5.645597
 759.000036 0.269453
 760.000036 5.594166
 761.000036 10.688425
 762.000036 8.076973
 763.000036 13.253940
 764.000036 8.830602
 765.000036 13.799352
 766.000036 3.819462
 767.000036 12.936061
 768.000036 15.644449
 769.000037 3.591502
 770.000037 1.493973
 771.000037 3.801378
 772.000037 8.748685
 773.000037 8.754190
 774.000037 10.323085
 775.000037 12.337460
 776.000037 8.868278
 777.000037 12.264678
 778.000037 13.056425
 779.000037 9.154253
 780.000037 5.947655
 781.000037 9.484753
 782.000037 12.699962
 783.000037 2.325715
 784.000037 8.500740
 785.000037 0.597161
 786.000037 2.184011
 787.000037 13.238966
 788.000037 10.119054
 789.000037 14.078690
 790.000038 2.729845
 791.000038 5.325727
 792.000038 7.775700
 793.000038 4.909100
 794.000038 13.526456
 795.000038 14.522397
 796.000038 12.216396
 797.000038 0.105929
 798.000038 0.968555
 799.000038 14.334105
 800.000038 5.366057
 801.000038 2.329404
 802.000038 4.395259
 803.000038 9.445197
 804.000038 4.025608
 805.000038 7.961920
 806.000038 8.181210
 807.000038 11.597168
 808.000038 1.486818
 809.000038 5.769279
 810.000038 4.304854
 811.000039 7.996962
 812.000039 0.528919
 813.000039 2.180811
 814.000039 4.584618
 815.000039 7.180086
 816.000039 6.519314
 817.000039 13.550608
 818.000039 6.845076
 819.000039 7.225162
 820.000039 9.492054
 821.000039 8.217137
 822.000039 6.011782
 823.000039 0.106735
 824.000039 8.946369
 825.000039 2.954743
 826.000039 16.255552
 827.000039 11.139272
 828.000039 10.759157
 829.000039 9.737235
 830.000039 11.784891
 831.000039 8.351008
 832.000040 0.574565
 833.000040 0.099688
 834.000040 5.322973
 835.000040 10.579451
 836.000040 7.846820
 837.000040 13.777605
 838.000040 10.809783
 839.000040 1.996079
 840.000040 5.633900
 841.000040 7.059173
 842.000040 11.572379
 843.000040 12.801637
 844.000040 6.499954
 845.000040 0.860634
 846.000040 12.482954
 847.000040 5.274726
 848.000040 6.000655
 849.000040 4.410690
 850.000040 9.025075
 851.000040 11.237491
 852.000040 3.157058
 853.000041 3.747052
 854.000041 2.751726
 855.000041 11.985619
 856.000041 6.339446
 857.000041 11.064310
 858.000041 13.016002
 859.000041 0.569768
 860.000041 0.800256
 861.000041 6.334013
 862.000041 9.670797
 863.000041 9.160069
 864.000041 6.787818
 865.000041 12.999025
 866.000041 13.826080
 867.000041 13.379217
 868.000041 13.671634
 869.000041 9.673784
 870.000041 10.541687
 871.000041 15.607093
 872.000041 15.288933
 873.000041 0.091543
 874.000042 9.317097
 875.000042 10.104904
 876.000042 12.603965
 877.000042 2.797436
 878.000042 1.514519
 879.000042 0.011955
 880.000042 6.910342
 881.000042 12.430619
 882.000042 9.768382
 883.000042 6.758841
 884.000042 14.723969
 885.000042 1.241047
 886.000042 8.397011
 887.000042 4.342753
 888.000042 15.323202
 889.000042 15.239174
 890.000042 14.791876
 891.000042 10.534860
 892.000042 0.058859
 893.000042 13.090205
 894.000042 15.386567
 895.000043 8.602704
 896.000043 6.005869
 897.000043 9.292275
 898.000043 4.259914
 899.000043 13.696625
 900.000043 15.833052
 901.000043 4.481102
 902.000043 13.165464
 903.000043 12.202994
 904.000043 14.488710
 905.000043 15.881292
 906.000043 2.965016
 907.000043 10.575323
 908.000043 10.890194
 909.000043 14.675114
 910.000043 1.314067
 911.000043 1.161446
 912.000043 4.610431
 913.000043 13.509499
 914.000043 13.133793
 915.000043 11.198710
 916.000044 2.741223
 917.000044 9.098388
 918.000044 5.375348
 919.000044 8.254917
 920.000044 6.556153
 921.000044 2.418965
 922.000044 2.959483
 923.000044 8.444482
 924.000044 5.323796
 925.000044 11.723616
 926.000044 15.579061
 927.000044 0.088310
 928.000044 6.397675
 929.000044 9.979691
 930.000044 6.743875
 931.000044 4.743237
 932.000044 15.397938
 933.000044 8.032689
 934.000044 5.593481
 935.000044 16.249374
 936.000044 12.149645
 937.000045 14.550073
 938.000045 17.570910
 939.000045 14.452279
 940.000045 17.809066
 941.000045 12.654464
 942.000045 3.893753
 943.000045 0.093433
 944.000045 12.082314
 945.000045 8.658061
 946.000045 14.327176
 947.000045 13.885711
 948.000045 9.078047
 949.000045 0.000000
 950.000045 10.345058
 951.000045 16.002145
 952.000045 9.503736
 953.000045 0.064282
 954.000045 0.850471
 955.000045 13.464358
 956.000045 2.990481
 957.000045 16.254266
 958.000046 13.573198
 959.000046 0.106557
 960.000046 4.211166
 961.000046 0.948968
 962.000046 1.136146
 963.000046 15.964038
 964.000046 10.744394
 965.000046 15.863175
 966.000046 11.652503
 967.000046 8.211846
 968.000046 2.513499
 969.000046 4.806432
 970.000046 6.725909
 971.000046 7.641609
 972.000046 2.936985
 973.000046 2.330480
 974.000046 15.509019
 975.000046 2.003121
 976.000046 11.789447
 977.000046 9.516449
 978.000046 13.547673
 979.000047 17.019275
 980.000047 9.157465
 981.000047 2.009437
 982.000047 1.642978
 983.000047 11.178402
 984.000047 6.287094
 985.000047 12.203905
 986.000047 0.808548
 987.000047 16.740367
 988.000047 12.486753
 989.000047 6.413785
 990.000047 10.360610
 991.000047 13.621078
 992.000047 10.280976
 993.000047 9.931476
 994.000047 8.452214
 995.000047 4.133082
 996.000047 7.263713
 997.000047 9.366724
 998.000047 14.678385
 999.000047 0.305241
 1000.000047 0.951093
 1001.000048 13.817056
 1002.000048 8.701811
 1003.000048 1.811095
 1004.000048 14.551289
 1005.000048 14.321683
 1006.000048 10.988800
 1007.000048 5.973460
 1008.000048 0.064522
 1009.000048 9.380244
 1010.000048 0.011439
 1011.000048 6.075190
 1012.000048 16.291318
 1013.000048 5.999294
 1014.000048 8.112101
 1015.000048 13.492458
 1016.000048 13.883318
 1017.000048 17.274671
 1018.000048 17.463472
 1019.000048 5.926683
 1020.000048 12.282530
 1021.000048 12.843541
 1022.000049 5.081744
 1023.000049 4.896669
 1024.000049 8.298759
 1025.000049 3.309533
 1026.000049 19.257291
 1027.000049 0.324760
 1028.000049 12.018984
 1029.000049 15.819729
 1030.000049 8.006244
 1031.000049 7.735022
 1032.000049 4.166337
 1033.000049 2.183437
 1034.000049 6.550989
 1035.000049 7.288847
 1036.000049 6.219778
 1037.000049 12.614777
 1038.000049 3.842617
 1039.000049 11.465632
 1040.000049 2.684874
 1041.000049 7.543780
 1042.000049 0.392877
 1043.000050 5.086451
 1044.000050 7.793827
 1045.000050 1.569674
 1046.000050 8.491835
 1047.000050 2.683064
 1048.000050 4.854846
 1049.000050 4.152921
 1050.000050 11.293052
 1051.000050 0.183063
 1052.000050 2.297252
 1053.000050 4.399344
 1054.000050 7.109889
 1055.000050 9.720205
 1056.000050 1.471181
 1057.000050 3.749162
 1058.000050 14.434816
 1059.000050 14.624249
 1060.000050 7.949112
 1061.000050 5.881019
 1062.000050 8.974234
 1063.000050 6.449461
 1064.000051 15.765047
 1065.000051 10.362790
 1066.000051 2.391588
 1067.000051 17.951507
 1068.000051 13.295240
 1069.000051 12.161755
 1070.000051 14.500378
 1071.000051 3.904474
 1072.000051 16.305157
 1073.000051 16.310505
 1074.000051 14.248767
 1075.000051 17.122535
 1076.000051 8.734970
 1077.000051 15.513781
 1078.000051 18.880819
 1079.000051 0.585328
 1080.000051 19.443526
 1081.000051 15.661907
 1082.000051 4.066028
 1083.000051 17.686985
 1084.000051 13.791397
 1085.000052 2.061498
 1086.000052 4.221272
 1087.000052 1.373329
 1088.000052 5.620042
 1089.000052 2.075919
 1090.000052 14.672282
 1091.000052 16.279620
 1092.000052 13.928174
 1093.000052 8.527705
 1094.000052 8.039443
 1095.000052 12.086283
 1096.000052 2.104577
 1097.000052 10.600200
 1098.000052 14.522627
 1099.000052 5.206816
 1100.000052 15.079600
 1101.000052 12.204446
 1102.000052 12.392298
 1103.000052 15.462270
 1104.000052 10.304607
 1105.000052 10.517659
 1106.000053 5.717466
 1107.000053 5.986194
 1108.000053 8.573209
 1109.000053 16.699403
 1110.000053 17.956473
 1111.000053 2.770598
 1112.000053 12.726753
 1113.000053 19.820414
 1114.000053 4.771162
 1115.000053 16.679137
 1116.000053 17.459309
 1117.000053 13.820045
 1118.000053 9.347870
 1119.000053 5.041835
 1120.000053 15.993646
 1121.000053 14.179737
 1122.000053 1.356522
 1123.000053 5.840048
 1124.000053 12.925029
 1125.000053 19.811378
 1126.000053 12.728237
 1127.000054 2.805895
 1128.000054 10.539167
 1129.000054 15.890687
 1130.000054 14.300742
 1131.000054 19.070036
 1132.000054 7.974231
 1133.000054 17.608303
 1134.000054 15.113945
 1135.000054 0.190657
 1136.000054 3.626092
 1137.000054 0.998604
 1138.000054 6.211412
 1139.000054 13.864172
 1140.000054 11.579883
 1141.000054 15.420065
 1142.000054 13.430619
 1143.000054 4.062117
 1144.000054 11.155199
 1145.000054 1.020583
 1146.000054 1.631795
 1147.000054 6.657840
 1148.000055 8.187838
 1149.000055 3.672256
 1150.000055 5.727474
 1151.000055 0.000000
 1152.000055 13.837762
 1153.000055 4.904792
 1154.000055 11.568902
 1155.000055 17.185754
 1156.000055 4.551765
 1157.000055 0.124003
 1158.000055 9.046086
 1159.000055 9.632003
 1160.000055 11.164400
 1161.000055 9.010573
 1162.000055 14.553014
 1163.000055 8.852158
 1164.000055 15.655117
 1165.000055 7.985918
 1166.000055 1.582227
 1167.000055 13.860443
 1168.000055 12.725956
 1169.000056 13.295471
 1170.000056 10.806652
 1171.000056 12.011202
 1172.000056 19.026103
 1173.000056 20.733573
 1174.000056 7.391283
 1175.000056 4.987429
 1176.000056 5.653588
 1177.000056 8.329580
 1178.000056 4.179243
 1179.000056 0.001870
 1180.000056 4.007986
 1181.000056 2.368317
 1182.000056 16.607601
 1183.000056 6.095153
 1184.000056 17.409090
 1185.000056 15.337341
 1186.000056 19.049427
 1187.000056 14.203021
 1188.000056 9.505647
 1189.000056 18.632059
 1190.000057 1.668376
 1191.000057 1.438829
 1192.000057 11.498404
 1193.000057 3.763915
 1194.000057 4.316924
 1195.000057 4.415634
 1196.000057 12.333531
 1197.000057 5.045531
 1198.000057 9.929068
 1199.000057 8.704192
 1200.000057 0.000000
 1201.000057 0.670569
 1202.000057 2.497696
 1203.000057 5.533043
 1204.000057 15.177134
 1205.000057 12.196417
 1206.000057 17.744879
 1207.000057 11.856729
 1208.000057 4.426185
 1209.000057 10.369835
 1210.000057 5.210751
 1211.000058 17.336257
 1212.000058 17.331493
 1213.000058 15.675494
 1214.000058 19.736831
 1215.000058 10.500551
 1216.000058 11.092070
 1217.000058 15.264294
 1218.000058 2.451312
 1219.000058 12.889883
 1220.000058 15.391261
 1221.000058 11.044734
 1222.000058 13.884273
 1223.000058 0.840239
 1224.000058 0.377369
 1225.000058 8.371594
 1226.000058 4.176391
 1227.000058 7.827804
 1228.000058 10.346155
 1229.000058 13.043824
 1230.000058 5.068577
 1231.000058 3.330132
 1232.000059 5.014103
 1233.000059 20.863800
 1234.000059 15.591500
 1235.000059 11.924579
 1236.000059 15.203083
 1237.000059 2.276566
 1238.000059 18.037754
 1239.000059 12.647755
 1240.000059 16.564378
 1241.000059 15.115357
 1242.000059 19.486124
 1243.000059 16.739199
 1244.000059 15.671099
 1245.000059 13.876044
 1246.000059 15.956831
 1247.000059 8.327264
 1248.000059 12.657304
 1249.000059 11.493518
 1250.000059 17.580021
 1251.000059 16.974202
 1252.000059 22.234151
 1253.000060 19.107592
 1254.000060 7.989710
 1255.000060 7.529688
 1256.000060 10.956548
 1257.000060 9.758084
 1258.000060 15.220352
 1259.000060 19.420963
 1260.000060 6.748622
 1261.000060 14.906305
 1262.000060 4.612559
 1263.000060 6.549312
 1264.000060 12.988566
 1265.000060 1.564102
 1266.000060 1.443034
 1267.000060 15.781394
 1268.000060 15.884356
 1269.000060 6.144199
 1270.000060 2.316265
 1271.000060 15.048188
 1272.000060 3.619955
 1273.000060 16.493634
 1274.000061 17.186738
 1275.000061 5.203861
 1276.000061 20.843311
 1277.000061 11.064184
 1278.000061 17.220556
 1279.000061 13.759298
 1280.000061 6.465456
 1281.000061 8.318859
 1282.000061 14.833556
 1283.000061 22.483003
 1284.000061 3.554743
 1285.000061 20.026911
 1286.000061 7.677246
 1287.000061 15.294750
 1288.000061 15.953567
 1289.000061 17.100488
 1290.000061 6.810149
 1291.000061 1.390422
 1292.000061 6.165782
 1293.000061 22.670130
 1294.000061 10.761638
 1295.000062 6.617316
 1296.000062 12.712980
 1297.000062 17.492378
 1298.000062 4.460006
 1299.000062 15.864182
 1300.000062 18.155070
 1301.000062 10.812237
 1302.000062 18.617653
 1303.000062 15.602786
 1304.000062 15.057188
 1305.000062 17.326922
 1306.000062 9.642396
 1307.000062 17.617526
 1308.000062 18.158052
 1309.000062 11.737673
 1310.000062 5.113638
 1311.000062 14.624232
 1312.000062 14.775902
 1313.000062 15.378485
 1314.000062 16.547239
 1315.000062 12.417520
 1316.000063 14.424881
 1317.000063 21.135572
 1318.000063 0.273207
 1319.000063 3.513398
 1320.000063 10.210949
 1321.000063 11.938191
 1322.000063 8.762305
 1323.000063 2.749351
 1324.000063 16.387226
 1325.000063 0.599158
 1326.000063 5.619562
 1327.000063 12.398116
 1328.000063 16.017020
 1329.000063 17.424547
 1330.000063 3.085047
 1331.000063 17.855134
 1332.000063 12.407351
 1333.000063 13.242363
 1334.000063 15.657060
 1335.000063 19.491961
 1336.000063 3.960884
 1337.000064 6.006604
 1338.000064 4.592902
 1339.000064 5.144577
 1340.000064 7.308473
 1341.000064 0.000000
 1342.000064 2.210619
 1343.000064 1.110323
 1344.000064 6.351071
 1345.000064 8.419986
 1346.000064 14.132489
 1347.000064 10.689769
 1348.000064 9.817021
 1349.000064 10.351706
 1350.000064 11.140722
 1351.000064 12.411362
 1352.000064 0.672399
 1353.000064 0.213494
 1354.000064 4.909778
 1355.000064 7.610046
 1356.000064 6.049559
 1357.000064 0.128712
 1358.000065 10.892939
 1359.000065 10.476409
 1360.000065 0.018198
 1361.000065 9.653803
 1362.000065 4.689045
 1363.000065 6.473815
 1364.000065 14.967017
 1365.000065 10.644033
 1366.000065 5.070367
 1367.000065 14.923800
 1368.000065 7.531704
 1369.000065 15.699937
 1370.000065 13.427412
 1371.000065 2.172958
 1372.000065 0.000000
 1373.000065 3.567761
 1374.000065 16.244917
 1375.000065 10.174514
 1376.000065 8.919652
 1377.000065 0.336278
 1378.000065 14.983046
 1379.000065 3.902233
 1380.000066 10.320513
 1381.000066 6.832600
 1382.000066 10.941469
 1383.000066 3.571952
 1384.000066 14.214618
 1385.000066 4.621977
 1386.000066 6.174346
 1387.000066 5.318964
 1388.000066 6.777176
 1389.000066 13.947794
 1390.000066 8.453080
 1391.000066 5.847514
 1392.000066 11.636411
 1393.000066 15.310021
 1394.000066 6.756076
 1395.000066 11.315475
 1396.000066 1.161667
 1397.000066 18.299214
 1398.000066 17.085881
 1399.000066 5.795234
 1400.000066 0.000000
 1401.000067 7.262615
 1402.000067 1.268820
 1403.000067 5.480184
 1404.000067 2.759991
 1405.000067 3.691865
 1406.000067 2.564227
 1407.000067 10.463914
 1408.000067 11.733547
 1409.000067 1.344313
 1410.000067 16.067190
 1411.000067 8.502404
 1412.000067 11.242441
 1413.000067 0.784828
 1414.000067 7.886222
 1415.000067 4.081086
 1416.000067 2.647920
 1417.000067 5.623159
 1418.000067 3.220527
 1419.000067 3.789049
 1420.000067 2.594688
 1421.000067 17.718976
 1422.000068 8.361557
 1423.000068 13.189499
 1424.000068 8.195206
 1425.000068 4.894104
 1426.000068 2.177417
 1427.000068 12.269357
 1428.000068 8.323029
 1429.000068 7.648192
 1430.000068 10.571018
 1431.000068 2.908042
 1432.000068 10.480333
 1433.000068 3.228080
 1434.000068 6.939255
 1435.000068 6.946990
 1436.000068 11.786349
 1437.000068 11.678133
 1438.000068 10.885082
 1439.000068 0.438604
 1440.000068 5.982997
 1441.000068 17.612329
 1442.000068 4.952440
 1443.000069 10.355270
 1444.000069 10.016309
 1445.000069 14.064834
 1446.000069 1.013030
 1447.000069 14.463486
 1448.000069 4.843729
 1449.000069 8.571431
 1450.000069 6.914086
 1451.000069 7.848314
 1452.000069 18.828135
 1453.000069 5.691934
 1454.000069 5.135245
 1455.000069 17.158656
 1456.000069 10.543871
 1457.000069 18.033295
 1458.000069 11.306386
 1459.000069 18.934673
 1460.000069 16.557967
 1461.000069 9.324932
 1462.000069 15.726330
 1463.000069 10.533979
 1464.000070 0.455050
 1465.000070 8.989026
 1466.000070 0.000000
 1467.000070 13.921440
 1468.000070 7.870251
 1469.000070 12.891432
 1470.000070 17.795291
 1471.000070 19.554768
 1472.000070 5.806504
 1473.000070 16.119268
 1474.000070 3.372172
 1475.000070 15.126535
 1476.000070 14.664803
 1477.000070 9.180470
 1478.000070 20.153325
 1479.000070 3.346854
 1480.000070 16.665649
 1481.000070 15.153531
 1482.000070 19.515321
 1483.000070 10.266581
 1484.000070 13.310279
 1485.000071 3.847634
 1486.000071 10.207126
 1487.000071 2.925749
 1488.000071 18.588510
 1489.000071 9.683841
 1490.000071 17.065313
 1491.000071 8.791055
 1492.000071 18.274020
 1493.000071 7.917670
 1494.000071 14.252292
 1495.000071 12.958316
 1496.000071 18.937822
 1497.000071 8.759403
 1498.000071 15.421099
 1499.000071 3.928926
 1500.000071 0.888174
 1501.000071 14.060077
 1502.000071 22.053978
 1503.000071 4.359162
 1504.000071 22.876011
 1505.000071 16.512678
 1506.000072 6.407119
 1507.000072 7.558124
 1508.000072 0.486188
 1509.000072 10.318473
 1510.000072 20.138278
 1511.000072 18.318626
 1512.000072 4.947827
 1513.000072 9.024375
 1514.000072 18.003318
 1515.000072 4.870608
 1516.000072 13.634040
 1517.000072 18.661856
 1518.000072 5.572715
 1519.000072 20.157593
 1520.000072 6.619936
 1521.000072 16.056016
 1522.000072 18.873526
 1523.000072 21.338856
 1524.000072 14.457139
 1525.000072 3.485355
 1526.000072 9.375271
 1527.000073 3.196013
 1528.000073 8.191342
 1529.000073 21.247393
 1530.000073 16.323368
 1531.000073 17.252080
 1532.000073 12.502171
 1533.000073 8.641231
 1534.000073 23.209482
 1535.000073 20.228175
 1536.000073 17.961916
 1537.000073 19.689558
 1538.000073 4.591009
 1539.000073 11.051275
 1540.000073 15.551346
 1541.000073 18.543097
 1542.000073 21.047311
 1543.000073 9.353216
 1544.000073 16.908316
 1545.000073 18.076124
 1546.000073 21.665325
 1547.000073 15.967826
 1548.000074 0.292462
 1549.000074 10.424204
 1550.000074 1.245465
 1551.000074 19.311785
 1552.000074 5.609795
 1553.000074 4.231437
 1554.000074 8.123084
 1555.000074 9.904791
 1556.000074 16.972075
 1557.000074 1.833798
 1558.000074 7.970928
 1559.000074 2.720716
 1560.000074 17.131545
 1561.000074 21.983068
 1562.000074 19.299470
 1563.000074 3.109929
 1564.000074 24.131072
 1565.000074 20.347196
 1566.000074 11.635785
 1567.000074 18.578580
 1568.000074 16.263156
 1569.000075 19.432857
 1570.000075 8.962844
 1571.000075 21.875421
 1572.000075 4.765736
 1573.000075 3.865259
 1574.000075 16.426611
 1575.000075 19.575176
 1576.000075 14.425276
 1577.000075 16.857307
 1578.000075 6.288925
 1579.000075 20.570464
 1580.000075 10.758354
 1581.000075 8.852666
 1582.000075 22.752332
 1583.000075 20.302435
 1584.000075 4.347190
 1585.000075 9.415092
 1586.000075 4.579980
 1587.000075 8.536548
 1588.000075 19.563876
 1589.000075 10.388027
 1590.000076 7.694174
 1591.000076 11.537475
 1592.000076 3.306389
 1593.000076 17.190181
 1594.000076 23.758913
 1595.000076 21.308096
 1596.000076 5.209082
 1597.000076 13.480060
 1598.000076 3.494715
 1599.000076 13.128142
 1600.000076 4.852368
 1601.000076 18.046008
 1602.000076 12.220261
 1603.000076 11.968267
 1604.000076 20.393067
 1605.000076 13.512243
 1606.000076 0.106191
 1607.000076 18.394961
 1608.000076 20.430029
 1609.000076 20.575191
 1610.000076 4.006056
 1611.000077 1.649145
 1612.000077 13.818723
 1613.000077 9.266009
 1614.000077 6.979982
 1615.000077 17.817810
 1616.000077 1.709671
 1617.000077 17.353717
 1618.000077 18.597362
 1619.000077 18.573987
 1620.000077 13.391944
 1621.000077 18.183095
 1622.000077 16.773322
 1623.000077 9.470065
 1624.000077 21.403497
 1625.000077 0.030101
 1626.000077 5.979432
 1627.000077 14.559568
 1628.000077 0.528131
 1629.000077 10.798686
 1630.000077 15.678305
 1631.000077 22.025860
 1632.000078 22.186855
 1633.000078 4.141243
 1634.000078 18.599650
 1635.000078 20.381582
 1636.000078 8.438538
 1637.000078 21.076561
 1638.000078 19.946564
 1639.000078 22.976539
 1640.000078 19.132196
 1641.000078 18.974734
 1642.000078 5.261199
 1643.000078 20.387889
 1644.000078 19.246374
 1645.000078 4.080644
 1646.000078 11.594374
 1647.000078 13.441308
 1648.000078 16.191662
 1649.000078 12.012057
 1650.000078 12.828623
 1651.000078 19.102954
 1652.000078 1.753723
 1653.000079 4.581469
 1654.000079 0.582686
 1655.000079 2.261606
 1656.000079 20.231303
 1657.000079 23.127102
 1658.000079 15.514925
 1659.000079 7.032505
 1660.000079 15.502850
 1661.000079 20.853888
 1662.000079 21.573913
 1663.000079 6.301324
 1664.000079 16.418998
 1665.000079 13.539342
 1666.000079 14.283820
 1667.000079 13.177229
 1668.000079 13.221829
 1669.000079 21.501209
 1670.000079 22.447413
 1671.000079 12.410583
 1672.000079 18.666126
 1673.000079 11.515784
 1674.000080 20.415261
 1675.000080 5.839557
 1676.000080 7.847139
 1677.000080 19.268265
 1678.000080 9.611696
 1679.000080 16.543406
 1680.000080 11.667688
 1681.000080 1.148620
 1682.000080 6.869600
 1683.000080 21.605861
 1684.000080 8.798869
 1685.000080 0.829118
 1686.000080 16.407434
 1687.000080 9.352616
 1688.000080 10.450898
 1689.000080 23.486946
 1690.000080 5.522292
 1691.000080 9.278758
 1692.000080 10.278731
 1693.000080 21.610120
 1694.000080 14.906445
 1695.000081 22.344462
 1696.000081 21.756054
 1697.000081 11.680418
 1698.000081 6.381594
 1699.000081 10.612008
 1700.000081 4.826123
 1701.000081 17.002256
 1702.000081 2.697736
 1703.000081 3.795623
 1704.000081 18.516724
 1705.000081 24.732868
 1706.000081 19.624290
 1707.000081 16.818769
 1708.000081 19.965939
 1709.000081 8.651273
 1710.000081 11.376052
 1711.000081 5.776938
 1712.000081 0.000000
 1713.000081 19.039843
 1714.000081 15.309102
 1715.000081 10.522680
 1716.000082 17.978781
 1717.000082 5.160509
 1718.000082 8.970921
 1719.000082 15.649757
 1720.000082 4.874504
 1721.000082 7.956895
 1722.000082 14.902922
 1723.000082 4.836181
 1724.000082 0.185558
 1725.000082 0.183570
 1726.000082 13.676845
 1727.000082 2.084333
 1728.000082 1.918463
 1729.000082 4.500279
 1730.000082 4.082701
 1731.000082 20.341098
 1732.000082 1.653611
 1733.000082 17.274803
 1734.000082 0.731618
 1735.000082 24.519166
 1736.000082 1.769138
 1737.000083 19.664887
 1738.000083 15.673470
 1739.000083 22.884568
 1740.000083 13.926597
 1741.000083 22.244413
 1742.000083 22.411875
 1743.000083 14.195204
 1744.000083 3.841659
 1745.000083 15.048250
 1746.000083 9.042091
 1747.000083 22.333414
 1748.000083 20.109791
 1749.000083 17.669252
 1750.000083 15.788133
 1751.000083 10.336858
 1752.000083 24.008443
 1753.000083 14.732511
 1754.000083 22.045152
 1755.000083 20.907615
 1756.000083 19.787887
 1757.000083 7.157488
 1758.000084 27.122090
 1759.000084 6.928314
 1760.000084 20.415952
 1761.000084 14.828710
 1762.000084 15.410942
 1763.000084 24.660340
 1764.000084 16.178055
 1765.000084 26.611103
 1766.000084 20.501411
 1767.000084 18.622655
 1768.000084 11.163733
 1769.000084 17.010664
 1770.000084 13.210462
 1771.000084 19.122900
 1772.000084 0.642950
 1773.000084 22.952948
 1774.000084 24.918442
 1775.000084 21.362762
 1776.000084 23.925101
 1777.000084 24.352647
 1778.000084 15.252940
 1779.000084 7.702142
 1780.000085 4.112695
 1781.000085 0.855454
 1782.000085 20.116405
 1783.000085 21.155898
 1784.000085 0.967998
 1785.000085 14.580065
 1786.000085 21.927161
 1787.000085 5.752412
 1788.000085 8.860602
 1789.000085 20.596720
 1790.000085 18.254957
 1791.000085 15.646657
 1792.000085 19.977615
 1793.000085 19.807033
 1794.000085 21.202377
 1795.000085 22.088246
 1796.000085 20.364767
 1797.000085 2.956147
 1798.000085 10.874058
 1799.000085 10.613480
 1800.000085 0.823918
 1801.000086 9.734563
 1802.000086 7.908132
 1803.000086 3.104838
 1804.000086 5.500596
 1805.000086 10.596949
 1806.000086 5.471559
 1807.000086 3.141312
 1808.000086 17.553680
 1809.000086 2.851350
 1810.000086 7.504184
 1811.000086 6.092333
 1812.000086 7.968754
 1813.000086 3.030194
 1814.000086 10.498897
 1815.000086 11.985397
 1816.000086 9.268247
 1817.000086 18.057582
 1818.000086 13.192574
 1819.000086 13.462450
 1820.000086 5.916462
 1821.000086 8.682517
 1822.000087 1.905847
 1823.000087 6.590688
 1824.000087 0.179417
 1825.000087 0.055841
 1826.000087 2.763504
 1827.000087 12.285771
 1828.000087 19.745817
 1829.000087 22.789626
 1830.000087 2.057458
 1831.000087 6.029965
 1832.000087 0.797361
 1833.000087 18.809015
 1834.000087 8.010742
 1835.000087 10.570637
 1836.000087 0.668976
 1837.000087 22.190500
 1838.000087 0.826774
 1839.000087 23.177252
 1840.000087 14.027995
 1841.000087 0.601905
 1842.000087 16.542564
 1843.000088 15.148641
 1844.000088 1.888008
 1845.000088 4.442081
 1846.000088 0.462005
 1847.000088 18.678325
 1848.000088 3.306657
 1849.000088 10.307236
 1850.000088 6.214971
 1851.000088 22.783551
 1852.000088 10.841496
 1853.000088 21.396704
 1854.000088 23.125274
 1855.000088 20.736699
 1856.000088 4.451675
 1857.000088 9.716123
 1858.000088 4.721279
 1859.000088 20.225824
 1860.000088 14.000628
 1861.000088 3.803348
 1862.000088 14.725300
 1863.000088 15.900082
 1864.000089 9.092882
 1865.000089 19.678499
 1866.000089 22.276978
 1867.000089 22.557643
 1868.000089 14.635269
 1869.000089 16.142800
 1870.000089 8.690628
 1871.000089 8.874765
 1872.000089 8.470499
 1873.000089 17.109854
 1874.000089 18.730610
 1875.000089 21.817477
 1876.000089 13.508076
 1877.000089 4.121385
 1878.000089 14.443208
 1879.000089 22.790897
 1880.000089 22.340960
 1881.000089 11.002911
 1882.000089 14.054844
 1883.000089 14.014849
 1884.000089 25.674020
 1885.000090 21.528705
 1886.000090 14.118017
 1887.000090 0.526246
 1888.000090 6.185193
 1889.000090 10.048179
 1890.000090 15.189496
 1891.000090 4.057648
 1892.000090 0.834754
 1893.000090 10.677143
 1894.000090 14.108792
 1895.000090 13.960157
 1896.000090 19.860673
 1897.000090 16.782712
 1898.000090 8.303851
 1899.000090 22.941794
 1900.000090 14.721868
 1901.000090 18.590198
 1902.000090 21.710910
 1903.000090 17.638868
 1904.000090 22.551174
 1905.000090 19.420079
 1906.000091 17.995797
 1907.000091 18.338154
 1908.000091 18.564401
 1909.000091 19.236951
 1910.000091 11.628016
 1911.000091 20.538586
 1912.000091 26.372299
 1913.000091 5.301375
 1914.000091 21.876335
 1915.000091 24.681802
 1916.000091 20.058105
 1917.000091 16.949980
 1918.000091 3.065961
 1919.000091 1.547133
 1920.000091 0.639493
 1921.000091 0.403234
 1922.000091 4.963457
 1923.000091 9.872886
 1924.000091 9.477111
 1925.000091 11.703810
 1926.000091 9.885852
 1927.000092 7.639247
 1928.000092 0.546880
 1929.000092 7.532429
 1930.000092 1.441129
 1931.000092 0.003829
 1932.000092 4.614957
 1933.000092 8.452667
 1934.000092 10.266974
 1935.000092 2.936916
 1936.000092 2.518475
 1937.000092 1.382244
 1938.000092 14.304018
 1939.000092 24.840665
 1940.000092 18.157417
 1941.000092 12.972577
 1942.000092 25.855495
 1943.000092 8.743945
 1944.000092 10.968890
 1945.000092 17.436027
 1946.000092 16.544884
 1947.000092 12.691386
 1948.000093 17.029622
 1949.000093 6.022946
 1950.000093 6.312973
 1951.000093 7.136081
 1952.000093 2.002603
 1953.000093 15.204718
 1954.000093 18.916811
 1955.000093 13.113864
 1956.000093 12.418211
 1957.000093 16.240013
 1958.000093 21.682763
 1959.000093 13.465631
 1960.000093 6.981501
 1961.000093 15.718971
 1962.000093 1.175531
 1963.000093 10.188029
 1964.000093 0.174083
 1965.000093 1.876569
 1966.000093 17.736021
 1967.000093 0.578423
 1968.000093 7.202483
 1969.000094 15.106619
 1970.000094 23.790948
 1971.000094 18.956947
 1972.000094 18.106571
 1973.000094 6.820038
 1974.000094 13.216354
 1975.000094 2.716436
 1976.000094 0.015241
 1977.000094 12.277646
 1978.000094 5.989545
 1979.000094 17.727529
 1980.000094 18.840600
 1981.000094 13.977685
 1982.000094 21.926720
 1983.000094 18.937895
 1984.000094 3.853552
 1985.000094 9.082109
 1986.000094 6.330325
 1987.000094 4.880850
 1988.000094 16.795983
 1989.000094 20.207801
 1990.000095 14.278162
 1991.000095 24.094236
 1992.000095 13.983425
 1993.000095 15.579221
 1994.000095 0.698846
 1995.000095 25.255753
 1996.000095 2.162483
 1997.000095 13.443361
 1998.000095 13.554616
 1999.000095 15.546477
 2000.000095 24.116924
 2001.000095 11.985745
 2002.000095 7.233105
 2003.000095 3.307881
 2004.000095 14.029739
 2005.000095 18.757775
 2006.000095 21.110649
 2007.000095 23.002276
 2008.000095 22.598232
 2009.000095 13.753433
 2010.000095 15.912860
 2011.000096 16.739544
 2012.000096 14.310891
 2013.000096 1.886789
 2014.000096 22.741332
 2015.000096 13.036559
 2016.000096 9.762026
 2017.000096 8.981149
 2018.000096 11.106743
 2019.000096 1.927663
 2020.000096 4.730039
 2021.000096 10.387251
 2022.000096 13.620006
 2023.000096 22.898766
 2024.000096 22.907957
 2025.000096 13.160483
 2026.000096 25.488262
 2027.000096 13.315162
 2028.000096 6.213710
 2029.000096 1.181227
 2030.000096 23.087188
 2031.000096 22.416337
 2032.000097 25.380228
 2033.000097 12.989246
 2034.000097 3.492013
 2035.000097 3.033417
 2036.000097 12.116279
 2037.000097 8.415831
 2038.000097 6.216654
 2039.000097 23.652499
 2040.000097 1.556980
 2041.000097 5.732366
 2042.000097 18.201797
 2043.000097 3.770591
 2044.000097 19.430886
 2045.000097 11.056618
 2046.000097 24.200923
 2047.000097 20.770508
 2048.000097 7.795156
 2049.000097 0.930441
 2050.000097 15.133772
 2051.000097 19.970290
 2052.000097 2.376705
 2053.000098 25.500752
 2054.000098 17.075591
 2055.000098 3.408933
 2056.000098 23.958117
 2057.000098 17.779736
 2058.000098 2.728701
 2059.000098 11.433655
 2060.000098 5.318094
 2061.000098 4.209514
 2062.000098 11.651615
 2063.000098 18.662925
 2064.000098 26.177066
 2065.000098 5.164818
 2066.000098 6.770579
 2067.000098 26.801621
 2068.000098 18.348659
 2069.000098 3.075110
 2070.000098 6.028296
 2071.000098 10.210432
 2072.000098 5.303179
 2073.000098 6.971045
 2074.000099 16.286224
 2075.000099 5.372805
 2076.000099 20.395292
 2077.000099 8.509151
 2078.000099 7.215046
 2079.000099 5.305642
 2080.000099 13.060566
 2081.000099 8.961227
 2082.000099 7.051948
 2083.000099 16.896145
 2084.000099 17.055295
 2085.000099 15.425349
 2086.000099 16.484179
 2087.000099 10.520616
 2088.000099 3.743845
 2089.000099 7.552966
 2090.000099 11.243487
 2091.000099 20.155783
 2092.000099 5.106903
 2093.000099 8.653617
 2094.000099 8.219704
 2095.000100 8.372881
 2096.000100 3.449209
 2097.000100 17.624878
 2098.000100 4.418310
 2099.000100 19.195928
 2100.000100 10.304415
 2101.000100 15.498812
 2102.000100 18.370756
 2103.000100 1.618571
 2104.000100 11.036144
 2105.000100 11.253771
 2106.000100 15.159697
 2107.000100 10.013432
 2108.000100 19.548636
 2109.000100 20.141792
 2110.000100 7.637838
 2111.000100 2.466319
 2112.000100 16.521008
 2113.000100 11.497083
 2114.000100 19.651801
 2115.000100 6.576721
 2116.000101 12.223940
 2117.000101 14.522397
 2118.000101 1.167237
 2119.000101 0.843790
 2120.000101 0.728230
 2121.000101 4.351671
 2122.000101 0.342148
 2123.000101 2.476500
 2124.000101 5.722291
 2125.000101 8.578555
 2126.000101 6.850566
 2127.000101 21.361775
 2128.000101 17.271709
 2129.000101 10.137917
 2130.000101 1.688104
 2131.000101 26.376065
 2132.000101 22.078216
 2133.000101 11.092991
 2134.000101 16.478229
 2135.000101 22.758368
 2136.000101 1.480340
 2137.000102 13.074786
 2138.000102 24.254157
 2139.000102 20.606340
 2140.000102 4.060423
 2141.000102 8.249550
 2142.000102 16.259080
 2143.000102 26.391257
 2144.000102 3.810251
 2145.000102 9.162365
 2146.000102 25.314575
 2147.000102 20.684706
 2148.000102 13.773972
 2149.000102 0.343351
 2150.000102 15.600839
 2151.000102 22.035784
 2152.000102 20.370225
 2153.000102 21.089385
 2154.000102 5.782177
 2155.000102 13.272960
 2156.000102 12.314282
 2157.000102 16.829202
 2158.000102 14.251508
 2159.000103 6.246595
 2160.000103 4.185706
 2161.000103 15.876730
 2162.000103 1.964567
 2163.000103 21.162432
 2164.000103 14.096241
 2165.000103 16.035240
 2166.000103 19.836842
 2167.000103 7.917169
 2168.000103 8.029662
 2169.000103 7.821010
 2170.000103 18.896271
 2171.000103 17.289855
 2172.000103 3.417463
 2173.000103 5.380436
 2174.000103 4.474855
 2175.000103 18.543874
 2176.000103 8.172196
 2177.000103 0.668466
 2178.000103 9.604922
 2179.000103 7.225053
 2180.000104 23.241969
 2181.000104 24.675172
 2182.000104 19.687324
 2183.000104 17.915301
 2184.000104 2.543405
 2185.000104 20.408148
 2186.000104 18.688946
 2187.000104 24.093110
 2188.000104 16.099311
 2189.000104 25.138854
 2190.000104 18.524774
 2191.000104 25.402510
 2192.000104 23.302292
 2193.000104 28.378691
 2194.000104 10.930667
 2195.000104 22.699628
 2196.000104 11.638809
 2197.000104 22.454553
 2198.000104 22.380661
 2199.000104 10.305339
 2200.000104 8.163320
 2201.000105 7.491978
 2202.000105 14.815385
 2203.000105 4.007002
 2204.000105 22.931398
 2205.000105 13.127853
 2206.000105 20.051422
 2207.000105 15.176441
 2208.000105 20.062878
 2209.000105 19.668740
 2210.000105 4.403913
 2211.000105 2.306269
 2212.000105 23.201234
 2213.000105 2.784787
 2214.000105 10.781685
 2215.000105 6.190735
 2216.000105 22.916145
 2217.000105 18.772302
 2218.000105 18.152468
 2219.000105 1.160124
 2220.000105 9.889298
 2221.000105 24.755164
 2222.000106 1.261271
 2223.000106 17.924871
 2224.000106 18.666610
 2225.000106 25.478333
 2226.000106 26.947378
 2227.000106 9.566903
 2228.000106 9.752653
 2229.000106 27.898258
 2230.000106 22.156080
 2231.000106 0.226359
 2232.000106 17.233044
 2233.000106 15.296939
 2234.000106 22.876618
 2235.000106 18.000262
 2236.000106 11.632308
 2237.000106 2.248027
 2238.000106 16.791592
 2239.000106 9.972736
 2240.000106 23.310448
 2241.000106 3.674103
 2242.000106 6.260480
 2243.000107 22.071383
 2244.000107 17.981678
 2245.000107 17.682674
 2246.000107 2.983943
 2247.000107 26.830811
 2248.000107 20.018245
 2249.000107 19.471461
 2250.000107 10.322321
 2251.000107 13.833686
 2252.000107 3.066736
 2253.000107 1.599070
 2254.000107 24.793356
 2255.000107 15.191292
 2256.000107 16.945375
 2257.000107 1.733684
 2258.000107 21.442713
 2259.000107 18.141892
 2260.000107 16.531562
 2261.000107 12.257232
 2262.000107 3.914305
 2263.000107 11.749933
 2264.000108 4.904831
 2265.000108 17.393321
 2266.000108 14.803582
 2267.000108 4.580900
 2268.000108 19.713210
 2269.000108 13.534582
 2270.000108 0.360495
 2271.000108 10.073136
 2272.000108 21.146414
 2273.000108 26.552326
 2274.000108 0.651956
 2275.000108 22.472669
 2276.000108 11.996997
 2277.000108 22.058631
 2278.000108 18.369958
 2279.000108 21.330765
 2280.000108 9.801554
 2281.000108 5.871841
 2282.000108 4.217490
 2283.000108 11.377963
 2284.000108 22.619408
 2285.000109 1.752013
 2286.000109 8.542242
 2287.000109 15.175151
 2288.000109 21.056388
 2289.000109 27.015424
 2290.000109 11.287354
 2291.000109 2.504627
 2292.000109 26.217477
 2293.000109 20.940211
 2294.000109 0.814795
 2295.000109 15.778365
 2296.000109 10.398152
 2297.000109 19.598995
 2298.000109 24.639824
 2299.000109 22.220430
 2300.000109 24.653723
 2301.000109 24.218048
 2302.000109 22.782585
 2303.000109 24.194836
 2304.000109 0.040071
 2305.000109 4.999733
 2306.000110 22.467978
 2307.000110 9.392958
 2308.000110 20.023364
 2309.000110 16.402426
 2310.000110 16.029073
 2311.000110 3.338808
 2312.000110 2.787101
 2313.000110 11.900204
 2314.000110 13.872187
 2315.000110 2.841389
 2316.000110 24.282439
 2317.000110 12.845787
 2318.000110 25.997978
 2319.000110 20.560558
 2320.000110 25.741026
 2321.000110 2.829746
 2322.000110 9.927607
 2323.000110 23.398255
 2324.000110 25.532974
 2325.000110 10.496004
 2326.000110 16.527380
 2327.000111 3.392381
 2328.000111 4.898062
 2329.000111 15.916431
 2330.000111 28.025872
 2331.000111 20.101673
 2332.000111 3.136430
 2333.000111 10.085843
 2334.000111 20.959885
 2335.000111 27.515434
 2336.000111 18.011513
 2337.000111 22.675999
 2338.000111 0.000000
 2339.000111 22.822649
 2340.000111 21.970577
 2341.000111 24.600833
 2342.000111 9.449652
 2343.000111 1.098978
 2344.000111 3.221034
 2345.000111 29.340526
 2346.000111 9.382853
 2347.000111 15.506704
 2348.000112 1.396415
 2349.000112 3.187055
 2350.000112 20.664699
 2351.000112 11.034989
 2352.000112 1.165776
 2353.000112 0.646092
 2354.000112 27.881125
 2355.000112 9.595913
 2356.000112 16.515465
 2357.000112 7.513972
 2358.000112 0.121288
 2359.000112 3.880549
 2360.000112 26.633884
 2361.000112 28.665364
 2362.000112 6.413008
 2363.000112 14.392678
 2364.000112 18.126431
 2365.000112 10.204703
 2366.000112 4.945227
 2367.000112 8.293283
 2368.000112 7.394661
 2369.000113 4.164489
 2370.000113 19.913065
 2371.000113 13.091218
 2372.000113 18.323132
 2373.000113 12.287850
 2374.000113 6.070379
 2375.000113 2.709687
 2376.000113 3.119001
 2377.000113 14.789366
 2378.000113 3.803590
 2379.000113 10.240922
 2380.000113 7.485838
 2381.000113 8.052520
 2382.000113 25.134391
 2383.000113 28.946746
 2384.000113 26.017476
 2385.000113 5.661978
 2386.000113 12.997969
 2387.000113 14.368043
 2388.000113 18.315549
 2389.000113 25.369860
 2390.000114 22.719437
 2391.000114 14.943892
 2392.000114 11.924823
 2393.000114 23.074387
 2394.000114 25.798250
 2395.000114 23.836175
 2396.000114 7.128502
 2397.000114 12.668766
 2398.000114 12.055615
 2399.000114 23.912597
 2400.000114 25.398212
 2401.000114 14.451015
 2402.000114 19.939363
 2403.000114 25.746635
 2404.000114 4.287079
 2405.000114 27.998588
 2406.000114 21.623930
 2407.000114 19.097949
 2408.000114 26.824409
 2409.000114 12.719010
 2410.000114 25.772008
 2411.000115 24.186120
 2412.000115 26.904861
 2413.000115 2.612748
 2414.000115 17.245915
 2415.000115 21.330092
 2416.000115 24.253765
 2417.000115 19.647048
 2418.000115 25.714044
 2419.000115 23.381560
 2420.000115 31.282237
 2421.000115 20.867958
 2422.000115 19.394092
 2423.000115 11.672602
 2424.000115 0.218667
 2425.000115 22.806865
 2426.000115 25.432365
 2427.000115 24.049354
 2428.000115 18.893398
 2429.000115 6.955200
 2430.000115 12.674262
 2431.000115 23.352531
 2432.000116 21.397274
 2433.000116 13.400949
 2434.000116 0.350123
 2435.000116 25.606794
 2436.000116 24.901750
 2437.000116 3.197504
 2438.000116 4.234556
 2439.000116 6.719821
 2440.000116 13.262221
 2441.000116 8.914986
 2442.000116 18.816113
 2443.000116 26.260034
 2444.000116 6.353936
 2445.000116 4.621707
 2446.000116 25.408815
 2447.000116 27.278324
 2448.000116 1.251267
 2449.000116 4.619670
 2450.000116 22.454140
 2451.000116 11.082022
 2452.000116 22.939551
 2453.000117 10.171605
 2454.000117 6.203282
 2455.000117 16.847442
 2456.000117 20.359166
 2457.000117 21.091962
 2458.000117 24.291604
 2459.000117 28.844464
 2460.000117 20.909195
 2461.000117 24.203705
 2462.000117 10.107173
 2463.000117 25.242039
 2464.000117 5.539479
 2465.000117 14.952499
 2466.000117 15.477292
 2467.000117 14.504661
 2468.000117 3.414578
 2469.000117 23.612064
 2470.000117 4.595416
 2471.000117 19.952891
 2472.000117 13.364560
 2473.000117 20.175412
 2474.000118 16.043126
 2475.000118 7.614031
 2476.000118 6.082274
 2477.000118 19.167693
 2478.000118 8.461628
 2479.000118 9.623468
 2480.000118 28.433964
 2481.000118 26.364388
 2482.000118 4.750791
 2483.000118 18.904138
 2484.000118 25.803414
 2485.000118 22.397097
 2486.000118 23.689609
 2487.000118 17.090192
 2488.000118 17.102259
 2489.000118 26.820820
 2490.000118 22.524450
 2491.000118 0.141459
 2492.000118 25.989150
 2493.000118 19.970509
 2494.000118 11.398410
 2495.000119 4.708898
 2496.000119 22.909767
 2497.000119 13.004893
 2498.000119 4.830764
 2499.000119 25.907302
 2500.000119 6.720750
 2501.000119 6.048750
 2502.000119 8.418038
 2503.000119 0.004658
 2504.000119 11.302088
 2505.000119 27.623999
 2506.000119 27.120453
 2507.000119 24.083380
 2508.000119 21.883167
 2509.000119 29.397218
 2510.000119 17.589437
 2511.000119 24.462427
 2512.000119 29.012610
 2513.000119 11.592533
 2514.000119 10.201855
 2515.000119 23.486069
 2516.000120 29.485916
 2517.000120 25.019237
 2518.000120 9.093748
 2519.000120 18.030154
 2520.000120 6.486513
 2521.000120 18.090156
 2522.000120 25.416170
 2523.000120 13.460783
 2524.000120 8.593697
 2525.000120 24.246351
 2526.000120 20.829074
 2527.000120 14.865524
 2528.000120 22.451570
 2529.000120 24.886361
 2530.000120 10.471001
 2531.000120 19.784628
 2532.000120 1.697894
 2533.000120 5.666963
 2534.000120 23.507092
 2535.000120 22.755648
 2536.000120 27.929431
 2537.000121 15.164502
 2538.000121 28.292477
 2539.000121 11.719337
 2540.000121 12.734953
 2541.000121 28.240199
 2542.000121 7.157322
 2543.000121 25.774853
 2544.000121 7.567184
 2545.000121 11.344422
 2546.000121 4.675837
 2547.000121 2.136890
 2548.000121 23.582058
 2549.000121 28.844660
 2550.000121 24.376714
 2551.000121 29.959007
 2552.000121 25.805396
 2553.000121 2.493674
 2554.000121 13.340713
 2555.000121 28.108789
 2556.000121 10.653047
 2557.000121 27.811470
 2558.000121 16.919099
 2559.000122 24.108959
 2560.000122 12.723473
 2561.000122 22.834412
 2562.000122 26.169094
 2563.000122 3.621740
 2564.000122 29.790479
 2565.000122 6.603408
 2566.000122 6.597693
 2567.000122 23.299986
 2568.000122 27.836192
 2569.000122 19.841618
 2570.000122 5.555127
 2571.000122 15.405937
 2572.000122 24.062462
 2573.000122 15.891828
 2574.000122 23.520501
 2575.000122 23.661559
 2576.000122 21.347168
 2577.000122 4.619510
 2578.000122 3.922083
 2579.000122 14.625102
 2580.000123 2.165463
 2581.000123 30.716512
 2582.000123 8.942388
 2583.000123 13.393408
 2584.000123 5.217676
 2585.000123 6.079025
 2586.000123 29.140378
 2587.000123 5.893128
 2588.000123 10.501890
 2589.000123 9.596454
 2590.000123 9.943655
 2591.000123 10.024705
 2592.000123 2.016121
 2593.000123 0.771414
 2594.000123 2.042312
 2595.000123 3.334092
 2596.000123 1.393673
 2597.000123 3.100834
 2598.000123 27.474478
 2599.000123 18.282619
 2600.000123 6.267198
 2601.000124 28.002869
 2602.000124 12.534374
 2603.000124 12.340568
 2604.000124 19.416429
 2605.000124 16.808145
 2606.000124 6.868682
 2607.000124 17.319695
 2608.000124 9.147691
 2609.000124 14.151263
 2610.000124 29.355392
 2611.000124 3.553169
 2612.000124 24.987797
 2613.000124 26.187300
 2614.000124 9.244490
 2615.000124 3.769052
 2616.000124 15.920949
 2617.000124 17.936455
 2618.000124 10.953073
 2619.000124 9.945185
 2620.000124 24.392249
 2621.000124 11.055668
 2622.000125 6.557864
 2623.000125 30.845095
 2624.000125 27.528465
 2625.000125 20.942058
 2626.000125 17.302858
 2627.000125 7.498213
 2628.000125 25.974756
 2629.000125 18.221563
 2630.000125 28.738212
 2631.000125 18.372164
 2632.000125 2.764708
 2633.000125 20.195330
 2634.000125 26.823504
 2635.000125 0.273526
 2636.000125 31.411256
 2637.000125 0.425527
 2638.000125 24.454186
 2639.000125 20.864743
 2640.000125 7.440290
 2641.000125 0.890455
 2642.000125 4.353052
 2643.000126 0.103357
 2644.000126 8.600107
 2645.000126 9.672413
 2646.000126 5.474843
 2647.000126 4.781837
 2648.000126 1.666138
 2649.000126 15.620701
 2650.000126 2.602845
 2651.000126 0.163267
 2652.000126 10.140544
 2653.000126 17.502802
 2654.000126 10.154172
 2655.000126 1.194104
 2656.000126 15.976118
 2657.000126 19.465223
 2658.000126 13.865246
 2659.000126 3.862867
 2660.000126 2.494528
 2661.000126 0.518592
 2662.000126 10.902365
 2663.000126 3.471454
 2664.000127 0.538172
 2665.000127 22.829545
 2666.000127 0.907071
 2667.000127 4.796341
 2668.000127 24.595559
 2669.000127 18.184130
 2670.000127 18.291664
 2671.000127 4.812230
 2672.000127 16.421407
 2673.000127 30.721073
 2674.000127 16.166237
 2675.000127 12.741732
 2676.000127 24.679891
 2677.000127 23.918661
 2678.000127 27.417937
 2679.000127 9.671594
 2680.000127 32.547038
 2681.000127 13.256648
 2682.000127 10.816823
 2683.000127 8.166135
 2684.000127 23.360815
 2685.000128 27.012938
 2686.000128 11.739829
 2687.000128 1.479823
 2688.000128 5.179575
 2689.000128 15.495964
 2690.000128 3.889546
 2691.000128 20.626830
 2692.000128 6.568082
 2693.000128 4.926005
 2694.000128 1.450278
 2695.000128 10.224152
 2696.000128 11.386024
 2697.000128 10.418337
 2698.000128 8.956309
 2699.000128 16.862530
 2700.000128 11.925341
 2701.000128 12.073908
 2702.000128 2.715472
 2703.000128 6.279155
 2704.000128 8.584175
 2705.000128 7.440556
 2706.000129 11.553608
 2707.000129 20.119812
 2708.000129 14.787068
 2709.000129 21.478636
 2710.000129 0.004223
 2711.000129 13.810709
 2712.000129 24.526941
 2713.000129 18.809142
 2714.000129 26.661228
 2715.000129 28.182570
 2716.000129 20.909497
 2717.000129 26.997396
 2718.000129 6.841833
 2719.000129 13.736157
 2720.000129 11.961714
 2721.000129 2.585217
 2722.000129 29.530461
 2723.000129 17.766669
 2724.000129 10.685959
 2725.000129 9.664755
 2726.000129 21.808978
 2727.000130 14.297452
 2728.000130 24.904241
 2729.000130 17.276584
 2730.000130 14.607936
 2731.000130 4.946686
 2732.000130 7.654874
 2733.000130 17.870251
 2734.000130 21.753989
 2735.000130 26.594014
 2736.000130 23.376985
 2737.000130 8.821205
 2738.000130 10.784453
 2739.000130 19.817534
 2740.000130 2.004119
 2741.000130 6.181407
 2742.000130 9.737567
 2743.000130 23.776328
 2744.000130 1.052588
 2745.000130 33.927376
 2746.000130 2.444456
 2747.000130 29.272376
 2748.000131 19.969747
 2749.000131 1.592491
 2750.000131 8.208058
 2751.000131 25.222480
 2752.000131 3.583763
 2753.000131 2.618738
 2754.000131 14.072120
 2755.000131 7.482527
 2756.000131 24.648338
 2757.000131 10.874361
 2758.000131 0.949816
 2759.000131 10.940196
 2760.000131 0.459871
 2761.000131 14.962930
 2762.000131 5.618381
 2763.000131 20.152318
 2764.000131 12.442154
 2765.000131 17.221778
 2766.000131 29.540060
 2767.000131 23.164083
 2768.000131 25.030944
 2769.000132 0.006900
 2770.000132 19.420040
 2771.000132 15.065588
 2772.000132 21.077256
 2773.000132 19.319478
 2774.000132 23.199300
 2775.000132 22.938750
 2776.000132 21.157654
 2777.000132 2.540212
 2778.000132 14.900614
 2779.000132 19.460682
 2780.000132 23.160124
 2781.000132 21.379438
 2782.000132 13.125798
 2783.000132 11.216097
 2784.000132 27.322710
 2785.000132 28.884728
 2786.000132 16.490376
 2787.000132 4.429095
 2788.000132 20.189256
 2789.000132 6.047274
 2790.000133 22.933715
 2791.000133 23.707074
 2792.000133 14.629409
 2793.000133 16.290646
 2794.000133 6.049668
 2795.000133 3.084172
 2796.000133 25.700095
 2797.000133 23.946152
 2798.000133 18.720120
 2799.000133 15.625751
 2800.000133 26.648671
 2801.000133 25.607644
 2802.000133 4.177276
 2803.000133 17.442721
 2804.000133 8.332242
 2805.000133 25.453735
 2806.000133 23.332348
 2807.000133 5.632146
 2808.000133 26.757255
 2809.000133 7.952460
 2810.000133 21.941506
 2811.000134 11.254142
 2812.000134 0.899794
 2813.000134 5.784495
 2814.000134 16.187673
 2815.000134 3.402929
 2816.000134 16.496883
 2817.000134 25.923425
 2818.000134 28.024241
 2819.000134 2.210771
 2820.000134 9.333125
 2821.000134 19.967773
 2822.000134 4.854252
 2823.000134 9.060779
 2824.000134 0.983502
 2825.000134 16.632014
 2826.000134 26.558755
 2827.000134 10.142730
 2828.000134 24.917377
 2829.000134 6.937108
 2830.000134 21.524604
 2831.000134 27.859380
 2832.000135 28.862648
 2833.000135 14.410297
 2834.000135 2.879710
 2835.000135 28.312169
 2836.000135 30.198545
 2837.000135 25.719292
 2838.000135 11.398878
 2839.000135 19.076705
 2840.000135 1.838046
 2841.000135 15.169975
 2842.000135 26.526744
 2843.000135 11.723087
 2844.000135 17.454761
 2845.000135 15.717694
 2846.000135 13.442371
 2847.000135 24.523432
 2848.000135 22.582470
 2849.000135 29.059404
 2850.000135 18.248004
 2851.000135 3.598103
 2852.000135 2.755642
 2853.000136 0.942545
 2854.000136 19.080745
 2855.000136 28.108014
 2856.000136 19.543352
 2857.000136 14.514750
 2858.000136 16.792292
 2859.000136 4.942398
 2860.000136 22.764812
 2861.000136 5.947278
 2862.000136 18.740962
 2863.000136 21.469874
 2864.000136 15.178124
 2865.000136 15.871211
 2866.000136 6.910274
 2867.000136 28.575909
 2868.000136 6.579983
 2869.000136 12.443522
 2870.000136 1.133149
 2871.000136 9.405480
 2872.000136 14.010280
 2873.000136 11.735658
 2874.000137 14.102966
 2875.000137 2.578997
 2876.000137 5.223308
 2877.000137 2.147952
 2878.000137 13.646292
 2879.000137 6.049911
 2880.000137 13.028027
 2881.000137 9.281681
 2882.000137 9.136941
 2883.000137 16.032764
 2884.000137 5.857467
 2885.000137 16.121161
 2886.000137 23.341563
 2887.000137 2.178533
 2888.000137 8.352189
 2889.000137 12.637520
 2890.000137 7.050499
 2891.000137 15.694910
 2892.000137 9.036793
 2893.000137 14.055046
 2894.000137 26.479358
 2895.000138 1.480039
 2896.000138 8.387307
 2897.000138 15.031321
 2898.000138 9.471065
 2899.000138 8.444601
 2900.000138 25.308691
 2901.000138 3.098641
 2902.000138 8.436400
 2903.000138 25.718436
 2904.000138 13.823904
 2905.000138 8.518629
 2906.000138 4.553871
 2907.000138 15.973377
 2908.000138 3.039311
 2909.000138 21.201378
 2910.000138 29.057961
 2911.000138 8.059930
 2912.000138 4.175510
 2913.000138 14.689236
 2914.000138 16.949621
 2915.000138 26.324872
 2916.000139 22.819872
 2917.000139 13.540717
 2918.000139 8.321390
 2919.000139 24.320112
 2920.000139 20.284840
 2921.000139 28.209360
 2922.000139 9.113714
 2923.000139 25.665828
 2924.000139 23.545356
 2925.000139 26.696615
 2926.000139 25.236673
 2927.000139 15.819396
 2928.000139 26.999020
 2929.000139 18.601247
 2930.000139 17.391310
 2931.000139 21.390772
 2932.000139 10.838070
 2933.000139 6.799203
 2934.000139 9.482113
 2935.000139 20.000047
 2936.000139 10.892100
 2937.000140 9.050673
 2938.000140 17.561869
 2939.000140 26.918901
 2940.000140 28.191932
 2941.000140 15.658092
 2942.000140 1.846019
 2943.000140 17.928894
 2944.000140 27.463755
 2945.000140 0.057894
 2946.000140 3.787085
 2947.000140 8.298364
 2948.000140 3.210446
 2949.000140 6.370260
 2950.000140 2.865606
 2951.000140 6.539307
 2952.000140 5.121378
 2953.000140 31.340960
 2954.000140 26.490454
 2955.000140 29.666903
 2956.000140 27.345873
 2957.000140 22.499744
 2958.000140 17.175022
 2959.000141 10.261122
 2960.000141 22.363311
 2961.000141 27.042597
 2962.000141 10.516706
 2963.000141 19.533306
 2964.000141 7.045922
 2965.000141 28.224900
 2966.000141 1.681112
 2967.000141 13.597810
 2968.000141 28.114841
 2969.000141 29.505032
 2970.000141 24.975179
 2971.000141 8.486241
 2972.000141 13.186611
 2973.000141 29.174945
 2974.000141 1.218190
 2975.000141 10.118205
 2976.000141 13.016471
 2977.000141 15.113183
 2978.000141 13.863252
 2979.000141 1.249022
 2980.000142 26.738496
 2981.000142 6.470014
 2982.000142 5.365747
 2983.000142 5.499032
 2984.000142 19.976094
 2985.000142 17.742945
 2986.000142 29.529067
 2987.000142 26.601910
 2988.000142 19.349305
 2989.000142 3.722690
 2990.000142 30.368187
 2991.000142 12.096158
 2992.000142 30.032216
 2993.000142 19.371692
 2994.000142 9.161632
 2995.000142 18.103564
 2996.000142 20.096939
 2997.000142 28.685903
 2998.000142 28.604730
 2999.000142 18.591956
 3000.000142 20.116914
 3001.000143 20.878292
 3002.000143 32.712196
 3003.000143 25.066140
 3004.000143 29.978690
 3005.000143 14.030250
 3006.000143 22.382128
 3007.000143 23.358784
 3008.000143 19.908789
 3009.000143 30.497634
 3010.000143 31.060470
 3011.000143 20.229974
 3012.000143 29.641751
 3013.000143 27.981971
 3014.000143 34.987620
 3015.000143 30.193615
 3016.000143 17.220200
 3017.000143 18.819860
 3018.000143 18.565619
 3019.000143 2.116158
 3020.000143 25.161430
 3021.000143 2.170859
 3022.000144 14.659911
 3023.000144 26.391609
 3024.000144 29.935158
 3025.000144 28.934613
 3026.000144 28.700927
 3027.000144 6.570752
 3028.000144 7.631751
 3029.000144 31.487782
 3030.000144 29.591850
 3031.000144 17.676817
 3032.000144 29.800231
 3033.000144 12.719669
 3034.000144 31.655817
 3035.000144 32.271501
 3036.000144 30.453470
 3037.000144 32.141170
 3038.000144 25.315070
 3039.000144 0.912610
 3040.000144 26.298842
 3041.000144 24.302445
 3042.000144 27.674483
 3043.000145 33.293608
 3044.000145 5.575269
 3045.000145 0.647172
 3046.000145 3.071952
 3047.000145 19.743815
 3048.000145 8.096999
 3049.000145 31.899115
 3050.000145 13.672743
 3051.000145 1.626777
 3052.000145 25.846513
 3053.000145 26.587476
 3054.000145 0.642238
 3055.000145 13.972349
 3056.000145 2.005332
 3057.000145 17.422704
 3058.000145 10.885364
 3059.000145 30.415066
 3060.000145 11.925784
 3061.000145 14.519511
 3062.000145 22.431760
 3063.000145 3.879414
 3064.000146 0.537842
 3065.000146 10.279992
 3066.000146 6.094615
 3067.000146 11.064986
 3068.000146 24.441853
 3069.000146 6.193307
 3070.000146 16.391483
 3071.000146 18.005823
 3072.000146 3.184841
 3073.000146 22.987466
 3074.000146 11.301323
 3075.000146 16.783247
 3076.000146 16.382240
 3077.000146 17.831180
 3078.000146 14.310083
 3079.000146 12.444630
 3080.000146 24.314890
 3081.000146 2.968288
 3082.000146 8.424667
 3083.000146 4.691991
 3084.000146 28.687547
 3085.000147 8.177109
 3086.000147 12.489646
 3087.000147 3.912710
 3088.000147 3.858141
 3089.000147 4.751568
 3090.000147 9.930006
 3091.000147 2.095074
 3092.000147 4.871548
 3093.000147 17.955868
 3094.000147 1.024506
 3095.000147 7.090849
 3096.000147 11.015276
 3097.000147 9.023651
 3098.000147 9.537022
 3099.000147 17.462414
 3100.000147 9.127987
 3101.000147 5.035294
 3102.000147 21.988486
 3103.000147 3.431888
 3104.000147 0.892020
 3105.000147 9.378203
 3106.000148 15.129561
 3107.000148 11.220236
 3108.000148 2.540865
 3109.000148 0.577349
 3110.000148 0.336413
 3111.000148 2.420528
 3112.000148 4.985092
 3113.000148 0.828587
 3114.000148 6.365357
 3115.000148 19.270652
 3116.000148 1.968092
 3117.000148 18.546415
 3118.000148 7.580029
 3119.000148 29.336698
 3120.000148 20.028468
 3121.000148 21.189217
 3122.000148 13.562974
 3123.000148 7.492608
 3124.000148 34.112449
 3125.000148 7.435174
 3126.000148 19.903131
 3127.000149 23.057061
 3128.000149 30.621014
 3129.000149 30.399666
 3130.000149 0.149970
 3131.000149 31.053705
 3132.000149 21.080987
 3133.000149 10.562421
 3134.000149 8.418352
 3135.000149 28.474740
 3136.000149 13.175859
 3137.000149 18.782391
 3138.000149 3.951355
 3139.000149 10.007977
 3140.000149 9.940157
 3141.000149 30.034564
 3142.000149 35.692981
 3143.000149 23.105754
 3144.000149 19.029988
 3145.000149 22.851734
 3146.000149 21.789532
 3147.000149 12.784367
 3148.000150 8.663621
 3149.000150 1.426285
 3150.000150 29.526553
 3151.000150 10.293531
 3152.000150 9.496983
 3153.000150 0.000000
 3154.000150 18.474376
 3155.000150 31.073892
 3156.000150 0.571791
 3157.000150 12.554547
 3158.000150 19.825652
 3159.000150 17.309270
 3160.000150 15.877413
 3161.000150 16.059480
 3162.000150 10.892806
 3163.000150 14.973430
 3164.000150 10.493356
 3165.000150 9.691116
 3166.000150 18.702206
 3167.000150 29.034863
 3168.000150 23.988803
 3169.000151 9.730843
 3170.000151 21.560167
 3171.000151 2.096523
 3172.000151 21.664834
 3173.000151 17.680578
 3174.000151 27.789192
 3175.000151 21.927715
 3176.000151 12.025893
 3177.000151 4.076126
 3178.000151 20.941999
 3179.000151 0.586005
 3180.000151 4.966419
 3181.000151 0.700987
 3182.000151 8.064650
 3183.000151 14.879450
 3184.000151 10.554012
 3185.000151 18.284507
 3186.000151 6.613153
 3187.000151 5.370553
 3188.000151 13.415530
 3189.000151 13.547070
 3190.000152 15.214218
 3191.000152 24.930988
 3192.000152 3.886281
 3193.000152 22.887432
 3194.000152 6.698814
 3195.000152 23.810954
 3196.000152 7.832743
 3197.000152 23.024659
 3198.000152 4.084847
 3199.000152 19.911257
 3200.000152 19.895799
 3201.000152 18.641149
 3202.000152 34.240153
 3203.000152 14.478726
 3204.000152 30.294983
 3205.000152 3.889954
 3206.000152 0.536652
 3207.000152 6.718494
 3208.000152 20.212977
 3209.000152 27.041195
 3210.000152 20.987688
 3211.000153 4.900548
 3212.000153 13.787696
 3213.000153 22.619340
 3214.000153 18.057972
 3215.000153 26.026151
 3216.000153 25.467036
 3217.000153 27.427815
 3218.000153 27.939103
 3219.000153 3.784626
 3220.000153 14.687423
 3221.000153 17.564148
 3222.000153 7.970086
 3223.000153 5.033596
 3224.000153 26.241836
 3225.000153 30.768117
 3226.000153 18.424210
 3227.000153 3.133826
 3228.000153 19.930431
 3229.000153 34.301776
 3230.000153 28.784966
 3231.000153 18.355930
 3232.000154 22.068189
 3233.000154 31.596114
 3234.000154 12.665435
 3235.000154 14.625331
 3236.000154 8.857522
 3237.000154 21.306403
 3238.000154 2.624353
 3239.000154 33.542054
 3240.000154 15.194900
 3241.000154 19.160379
 3242.000154 26.900529
 3243.000154 24.439343
 3244.000154 6.266864
 3245.000154 6.350028
 3246.000154 12.238372
 3247.000154 7.362450
 3248.000154 18.969200
 3249.000154 12.169146
 3250.000154 26.858165
 3251.000154 10.828122
 3252.000154 30.381511
 3253.000155 8.532032
 3254.000155 26.288948
 3255.000155 25.560146
 3256.000155 9.286276
 3257.000155 31.901492
 3258.000155 6.916529
 3259.000155 23.196608
 3260.000155 3.770175
 3261.000155 12.774000
 3262.000155 20.246678
 3263.000155 0.846291
 3264.000155 8.354549
 3265.000155 8.403211
 3266.000155 14.342342
 3267.000155 16.311984
 3268.000155 14.620683
 3269.000155 7.016513
 3270.000155 8.302679
 3271.000155 3.565370
 3272.000155 20.992194
 3273.000155 6.688923
 3274.000156 24.113192
 3275.000156 25.021022
 3276.000156 1.944584
 3277.000156 18.922653
 3278.000156 19.245193
 3279.000156 23.780988
 3280.000156 25.102928
 3281.000156 24.230549
 3282.000156 19.086941
 3283.000156 28.502478
 3284.000156 25.282876
 3285.000156 11.066032
 3286.000156 18.721620
 3287.000156 22.165916
 3288.000156 1.118660
 3289.000156 23.573805
 3290.000156 23.451794
 3291.000156 5.480080
 3292.000156 5.446684
 3293.000156 1.961320
 3294.000156 9.536143
 3295.000157 29.253798
 3296.000157 16.971384
 3297.000157 6.441608
 3298.000157 11.855931
 3299.000157 5.449151
 3300.000157 5.318589
 3301.000157 8.866060
 3302.000157 9.507402
 3303.000157 31.919101
 3304.000157 8.773429
 3305.000157 19.920967
 3306.000157 34.167370
 3307.000157 18.495068
 3308.000157 32.062620
 3309.000157 5.644866
 3310.000157 8.347454
 3311.000157 14.164095
 3312.000157 4.695390
 3313.000157 32.064226
 3314.000157 34.334686
 3315.000157 1.562121
 3316.000158 7.214816
 3317.000158 11.420733
 3318.000158 24.978326
 3319.000158 9.759891
 3320.000158 23.294233
 3321.000158 14.583554
 3322.000158 19.977264
 3323.000158 21.724717
 3324.000158 13.324085
 3325.000158 14.762254
 3326.000158 27.405782
 3327.000158 3.900590
 3328.000158 4.781444
 3329.000158 10.183725
 3330.000158 11.052437
 3331.000158 2.519964
 3332.000158 6.003365
 3333.000158 1.056372
 3334.000158 30.632270
 3335.000158 30.519054
 3336.000158 28.359880
 3337.000158 32.408299
 3338.000159 27.092697
 3339.000159 7.899448
 3340.000159 20.623660
 3341.000159 15.575504
 3342.000159 16.367909
 3343.000159 24.112252
 3344.000159 19.755175
 3345.000159 29.149079
 3346.000159 28.433250
 3347.000159 6.846253
 3348.000159 21.980800
 3349.000159 19.343281
 3350.000159 17.072233
 3351.000159 3.886466
 3352.000159 22.430484
 3353.000159 17.165512
 3354.000159 13.631606
 3355.000159 30.826179
 3356.000159 26.574574
 3357.000159 17.937082
 3358.000159 31.086280
 3359.000160 30.867770
 3360.000160 23.844749
 3361.000160 4.449198
 3362.000160 30.131756
 3363.000160 29.484546
 3364.000160 33.270093
 3365.000160 10.512594
 3366.000160 6.223051
 3367.000160 24.864351
 3368.000160 20.056816
 3369.000160 1.932381
 3370.000160 16.533923
 3371.000160 14.773957
 3372.000160 8.234890
 3373.000160 30.289178
 3374.000160 27.608262
 3375.000160 28.807027
 3376.000160 9.890455
 3377.000160 31.728715
 3378.000160 19.446093
 3379.000160 17.407695
 3380.000161 25.111530
 3381.000161 11.013499
 3382.000161 9.261636
 3383.000161 6.770804
 3384.000161 17.127705
 3385.000161 22.727802
 3386.000161 5.407141
 3387.000161 31.312495
 3388.000161 22.762916
 3389.000161 26.624436
 3390.000161 28.979979
 3391.000161 24.366074
 3392.000161 15.677930
 3393.000161 5.786081
 3394.000161 10.559143
 3395.000161 0.455122
 3396.000161 10.020662
 3397.000161 1.608730
 3398.000161 3.319157
 3399.000161 9.482563
 3400.000161 10.211622
 3401.000162 32.044450
 3402.000162 9.258915
 3403.000162 31.058088
 3404.000162 20.495210
 3405.000162 12.505836
 3406.000162 3.444979
 3407.000162 0.083219
 3408.000162 8.046415
 3409.000162 24.380180
 3410.000162 30.593554
 3411.000162 31.793597
 3412.000162 27.304955
 3413.000162 0.082279
 3414.000162 29.905988
 3415.000162 21.222982
 3416.000162 8.077498
 3417.000162 16.505191
 3418.000162 20.531615
 3419.000162 19.971210
 3420.000162 17.554690
 3421.000162 33.347151
 3422.000163 1.011591
 3423.000163 21.548003
 3424.000163 18.200003
 3425.000163 31.097018
 3426.000163 15.650805
 3427.000163 2.260471
 3428.000163 3.339814
 3429.000163 13.563658
 3430.000163 8.423077
 3431.000163 10.039819
 3432.000163 14.930104
 3433.000163 19.289467
 3434.000163 12.738090
 3435.000163 1.902512
 3436.000163 17.778930
 3437.000163 29.070135
 3438.000163 14.890170
 3439.000163 23.778477
 3440.000163 10.703993
 3441.000163 20.364185
 3442.000163 2.708805
 3443.000164 24.731217
 3444.000164 1.205443
 3445.000164 15.859477
 3446.000164 2.469539
 3447.000164 23.951863
 3448.000164 0.599223
 3449.000164 26.464740
 3450.000164 23.249852
 3451.000164 21.725104
 3452.000164 17.484855
 3453.000164 33.385163
 3454.000164 20.978222
 3455.000164 32.815167
 3456.000164 27.041177
 3457.000164 22.746923
 3458.000164 25.828908
 3459.000164 18.205231
 3460.000164 7.313570
 3461.000164 34.494257
 3462.000164 21.252226
 3463.000164 8.058932
 3464.000165 6.103151
 3465.000165 34.587680
 3466.000165 24.239438
 3467.000165 20.696442
 3468.000165 23.021909
 3469.000165 28.710726
 3470.000165 3.610930
 3471.000165 16.392045
 3472.000165 25.394112
 3473.000165 21.648149
 3474.000165 0.891784
 3475.000165 8.592499
 3476.000165 27.610450
 3477.000165 25.174276
 3478.000165 8.842703
 3479.000165 26.865496
 3480.000165 23.200053
 3481.000165 35.471977
 3482.000165 20.852385
 3483.000165 26.153397
 3484.000165 6.629922
 3485.000166 19.475605
 3486.000166 16.275727
 3487.000166 35.725415
 3488.000166 1.239236
 3489.000166 12.126435
 3490.000166 4.664094
 3491.000166 11.704220
 3492.000166 8.293631
 3493.000166 16.403865
 3494.000166 19.862649
 3495.000166 8.856594
 3496.000166 5.708155
 3497.000166 16.423276
 3498.000166 22.649960
 3499.000166 12.449178
 3500.000166 18.868119
 3501.000166 25.866320
 3502.000166 18.357472
 3503.000166 5.211030
 3504.000166 6.243920
 3505.000166 10.848274
 3506.000167 32.658901
 3507.000167 28.989026
 3508.000167 16.038937
 3509.000167 32.764103
 3510.000167 18.280349
 3511.000167 31.966584
 3512.000167 30.830262
 3513.000167 25.698515
 3514.000167 23.820873
 3515.000167 11.243365
 3516.000167 32.522786
 3517.000167 6.265808
 3518.000167 14.785595
 3519.000167 10.595567
 3520.000167 2.393811
 3521.000167 8.256358
 3522.000167 33.389614
 3523.000167 2.787961
 3524.000167 19.386759
 3525.000167 24.381850
 3526.000167 0.826945
 3527.000168 16.969333
 3528.000168 17.992360
 3529.000168 2.928391
 3530.000168 6.753633
 3531.000168 22.413052
 3532.000168 22.539487
 3533.000168 4.408426
 3534.000168 6.627728
 3535.000168 22.211832
 3536.000168 24.785023
 3537.000168 12.814104
 3538.000168 16.824706
 3539.000168 14.689859
 3540.000168 20.854618
 3541.000168 8.094918
 3542.000168 18.180136
 3543.000168 7.780598
 3544.000168 14.545821
 3545.000168 26.066169
 3546.000168 2.408412
 3547.000168 20.118786
 3548.000169 20.952716
 3549.000169 11.072501
 3550.000169 25.938802
 3551.000169 27.153500
 3552.000169 2.709328
 3553.000169 10.860318
 3554.000169 4.873323
 3555.000169 9.648701
 3556.000169 24.787687
 3557.000169 21.992478
 3558.000169 12.559744
 3559.000169 20.319175
 3560.000169 14.653096
 3561.000169 16.658676
 3562.000169 7.752200
 3563.000169 8.569655
 3564.000169 21.759712
 3565.000169 12.411483
 3566.000169 31.885519
 3567.000169 22.790614
 3568.000169 13.188180
 3569.000170 13.687849
 3570.000170 32.345552
 3571.000170 33.403239
 3572.000170 30.775782
 3573.000170 23.535823
 3574.000170 25.483561
 3575.000170 1.316650
 3576.000170 10.036068
 3577.000170 21.999649
 3578.000170 26.372009
 3579.000170 23.620481
 3580.000170 5.657560
 3581.000170 31.802251
 3582.000170 2.494455
 3583.000170 19.357880
 3584.000170 35.341717
 3585.000170 20.839723
 3586.000170 20.570489
 3587.000170 14.895529
 3588.000170 6.412141
 3589.000170 0.105867
 3590.000171 31.977263
 3591.000171 0.116870
 3592.000171 30.697616
 3593.000171 10.622406
 3594.000171 31.092564
 3595.000171 8.655995
 3596.000171 12.789752
 3597.000171 9.646812
 3598.000171 30.950412
 3599.000171 22.363240
 3600.000171 12.410535
 3601.000171 19.522530
 3602.000171 34.018531
 3603.000171 1.572542
 3604.000171 1.438122
 3605.000171 21.671107
 3606.000171 12.014720
 3607.000171 6.995985
 3608.000171 24.021667
 3609.000171 16.457036
 3610.000171 28.987965
 3611.000172 6.172594
 3612.000172 20.077443
 3613.000172 28.331937
 3614.000172 4.370737
 3615.000172 17.769827
 3616.000172 8.452019
 3617.000172 8.105221
 3618.000172 24.784246
 3619.000172 9.604181
 3620.000172 8.015431
 3621.000172 9.233099
 3622.000172 16.666555
 3623.000172 2.921520
 3624.000172 3.003250
 3625.000172 14.212307
 3626.000172 17.366534
 3627.000172 22.542679
 3628.000172 6.298816
 3629.000172 28.014271
 3630.000172 6.132558
 3631.000172 8.138486
 3632.000173 21.733017
 3633.000173 25.958162
 3634.000173 10.756207
 3635.000173 28.267861
 3636.000173 21.614768
 3637.000173 10.932071
 3638.000173 12.639008
 3639.000173 29.540909
 3640.000173 31.761144
 3641.000173 29.687525
 3642.000173 18.453757
 3643.000173 27.234230
 3644.000173 14.255862
 3645.000173 12.890761
 3646.000173 3.319819
 3647.000173 33.772756
 3648.000173 24.981804
 3649.000173 21.668250
 3650.000173 15.006810
 3651.000173 12.574341
 3652.000173 15.329237
 3653.000174 29.374486
 3654.000174 24.200775
 3655.000174 33.063725
 3656.000174 32.241606
 3657.000174 31.847783
 3658.000174 30.830416
 3659.000174 33.566303
 3660.000174 8.216537
 3661.000174 6.434491
 3662.000174 10.266099
 3663.000174 20.192768
 3664.000174 22.964448
 3665.000174 0.085180
 3666.000174 29.648651
 3667.000174 27.839683
 3668.000174 17.875234
 3669.000174 32.435070
 3670.000174 4.826693
 3671.000174 7.511587
 3672.000174 18.344192
 3673.000174 0.895590
 3674.000175 18.532450
 3675.000175 24.207316
 3676.000175 16.915015
 3677.000175 7.936819
 3678.000175 23.136019
 3679.000175 4.884675
 3680.000175 17.012886
 3681.000175 10.108914
 3682.000175 4.317451
 3683.000175 28.090091
 3684.000175 7.144621
 3685.000175 14.769020
 3686.000175 2.236381
 3687.000175 8.455041
 3688.000175 12.896368
 3689.000175 25.979409
 3690.000175 0.000000
 3691.000175 18.838025
 3692.000175 13.295639
 3693.000175 6.177427
 3694.000175 6.295032
 3695.000176 17.349136
 3696.000176 17.888144
 3697.000176 6.683299
 3698.000176 37.941578
 3699.000176 26.918219
 3700.000176 7.296145
 3701.000176 33.854976
 3702.000176 31.848375
 3703.000176 33.625127
 3704.000176 5.315810
 3705.000176 30.145100
 3706.000176 21.932460
 3707.000176 8.031339
 3708.000176 15.544563
 3709.000176 28.359950
 3710.000176 28.612157
 3711.000176 29.196116
 3712.000176 36.278137
 3713.000176 11.436426
 3714.000176 17.297223
 3715.000176 2.715236
 3716.000177 14.920064
 3717.000177 24.356554
 3718.000177 1.969751
 3719.000177 22.759096
 3720.000177 31.887336
 3721.000177 24.413659
 3722.000177 23.407901
 3723.000177 29.935106
 3724.000177 8.334198
 3725.000177 14.844803
 3726.000177 10.223270
 3727.000177 10.612457
 3728.000177 10.735640
 3729.000177 28.662456
 3730.000177 26.973407
 3731.000177 18.235144
 3732.000177 0.402322
 3733.000177 26.707654
 3734.000177 31.335862
 3735.000177 5.835334
 3736.000177 28.050831
 3737.000177 21.645287
 3738.000178 20.662116
 3739.000178 1.599199
 3740.000178 0.000000
 3741.000178 16.852920
 3742.000178 22.103532
 3743.000178 38.590756
 3744.000178 6.906754
 3745.000178 0.411224
 3746.000178 26.638170
 3747.000178 1.908013
 3748.000178 2.356350
 3749.000178 9.776923
 3750.000178 5.813990
 3751.000178 25.845164
 3752.000178 17.028681
 3753.000178 30.208896
 3754.000178 28.839527
 3755.000178 14.699843
 3756.000178 23.521758
 3757.000178 9.953248
 3758.000178 10.924192
 3759.000179 14.251255
 3760.000179 36.102282
 3761.000179 14.635067
 3762.000179 37.229285
 3763.000179 21.587170
 3764.000179 27.650523
 3765.000179 26.014145
 3766.000179 2.548017
 3767.000179 19.543665
 3768.000179 3.169624
 3769.000179 15.703663
 3770.000179 33.228622
 3771.000179 12.971194
 3772.000179 26.198119
 3773.000179 24.010009
 3774.000179 16.332865
 3775.000179 3.790446
 3776.000179 15.475968
 3777.000179 17.326837
 3778.000179 7.410562
 3779.000179 35.103478
 3780.000180 26.226498
 3781.000180 29.463991
 3782.000180 12.157796
 3783.000180 30.478341
 3784.000180 32.980146
 3785.000180 26.982686
 3786.000180 3.335462
 3787.000180 30.792906
 3788.000180 14.855270
 3789.000180 33.126030
 3790.000180 13.576231
 3791.000180 31.857554
 3792.000180 20.543403
 3793.000180 8.882979
 3794.000180 12.577848
 3795.000180 12.567457
 3796.000180 26.519735
 3797.000180 9.576440
 3798.000180 34.023214
 3799.000180 28.290501
 3800.000180 35.261373
 3801.000181 33.318588
 3802.000181 27.563207
 3803.000181 34.023098
 3804.000181 6.112352
 3805.000181 4.478660
 3806.000181 32.438733
 3807.000181 23.620656
 3808.000181 30.829732
 3809.000181 14.546870
 3810.000181 37.797149
 3811.000181 0.470399
 3812.000181 13.503810
 3813.000181 13.995664
 3814.000181 24.602209
 3815.000181 19.786704
 3816.000181 24.873614
 3817.000181 29.904315
 3818.000181 36.283011
 3819.000181 25.178937
 3820.000181 17.660269
 3821.000181 34.796683
 3822.000182 28.257611
 3823.000182 12.890172
 3824.000182 5.416131
 3825.000182 2.095531
 3826.000182 35.637720
 3827.000182 30.331303
 3828.000182 15.238390
 3829.000182 27.492055
 3830.000182 31.599261
 3831.000182 13.313782
 3832.000182 13.941162
 3833.000182 14.935055
 3834.000182 4.337820
 3835.000182 27.230881
 3836.000182 30.624466
 3837.000182 3.552480
 3838.000182 32.185037
 3839.000182 25.837636
 3840.000182 22.899493
 3841.000182 32.856497
 3842.000182 24.217065
 3843.000183 1.326740
 3844.000183 31.650512
 3845.000183 26.591060
 3846.000183 32.207291
 3847.000183 16.882749
 3848.000183 12.896883
 3849.000183 11.565992
 3850.000183 33.823621
 3851.000183 13.586031
 3852.000183 5.385345
 3853.000183 29.637474
 3854.000183 26.832751
 3855.000183 27.381179
 3856.000183 24.377615
 3857.000183 24.150348
 3858.000183 2.904267
 3859.000183 17.779041
 3860.000183 3.766174
 3861.000183 6.766359
 3862.000183 25.052426
 3863.000183 20.945382
 3864.000184 13.717802
 3865.000184 8.720880
 3866.000184 16.776296
 3867.000184 3.866414
 3868.000184 6.324934
 3869.000184 9.071139
 3870.000184 13.626587
 3871.000184 2.659371
 3872.000184 12.592162
 3873.000184 21.250930
 3874.000184 7.531692
 3875.000184 8.627691
 3876.000184 2.276513
 3877.000184 20.498491
 3878.000184 18.999370
 3879.000184 27.362241
 3880.000184 16.368033
 3881.000184 15.643101
 3882.000184 21.331594
 3883.000184 21.732177
 3884.000184 34.652693
 3885.000185 35.107925
 3886.000185 25.375943
 3887.000185 18.187424
 3888.000185 5.289568
 3889.000185 30.585048
 3890.000185 19.722750
 3891.000185 0.511546
 3892.000185 12.745067
 3893.000185 4.957923
 3894.000185 21.594107
 3895.000185 2.658816
 3896.000185 10.820771
 3897.000185 25.827682
 3898.000185 23.303174
 3899.000185 32.920447
 3900.000185 33.954983
 3901.000185 27.143056
 3902.000185 26.206851
 3903.000185 15.049723
 3904.000185 13.086559
 3905.000185 19.688524
 3906.000186 25.629426
 3907.000186 25.307427
 3908.000186 8.521022
 3909.000186 17.655246
 3910.000186 14.506201
 3911.000186 16.546306
 3912.000186 28.054002
 3913.000186 36.886961
 3914.000186 14.961204
 3915.000186 26.503770
 3916.000186 7.334281
 3917.000186 4.653419
 3918.000186 3.963533
 3919.000186 26.829544
 3920.000186 34.979520
 3921.000186 33.816995
 3922.000186 25.585993
 3923.000186 16.177411
 3924.000186 17.630109
 3925.000186 2.990875
 3926.000186 33.863529
 3927.000187 0.037681
 3928.000187 35.600147
 3929.000187 7.458500
 3930.000187 23.278474
 3931.000187 29.296005
 3932.000187 30.727859
 3933.000187 0.825510
 3934.000187 36.255889
 3935.000187 7.023417
 3936.000187 25.025542
 3937.000187 9.441732
 3938.000187 25.171155
 3939.000187 26.759745
 3940.000187 25.857437
 3941.000187 36.385760
 3942.000187 36.868357
 3943.000187 32.941438
 3944.000187 17.664408
 3945.000187 4.846793
 3946.000187 8.045861
 3947.000187 17.765653
 3948.000188 15.381272
 3949.000188 30.587984
 3950.000188 10.225287
 3951.000188 6.503741
 3952.000188 32.613996
 3953.000188 10.248435
 3954.000188 14.894415
 3955.000188 27.716992
 3956.000188 1.064572
 3957.000188 27.132754
 3958.000188 6.452744
 3959.000188 12.766456
 3960.000188 4.354844
 3961.000188 10.959014
 3962.000188 5.258790
 3963.000188 24.946889
 3964.000188 26.390405
 3965.000188 26.780326
 3966.000188 12.832902
 3967.000188 3.341410
 3968.000188 3.238263
 3969.000189 12.604733
 3970.000189 35.330671
 3971.000189 13.702952
 3972.000189 0.885367
 3973.000189 38.582355
 3974.000189 10.787839
 3975.000189 30.589558
 3976.000189 25.660234
 3977.000189 35.353371
 3978.000189 31.231625
 3979.000189 10.626216
 3980.000189 13.859688
 3981.000189 25.315099
 3982.000189 30.605196
 3983.000189 32.217497
 3984.000189 30.512419
 3985.000189 36.531153
 3986.000189 24.440637
 3987.000189 19.660655
 3988.000189 10.963465
 3989.000189 11.149086
 3990.000190 0.997965
 3991.000190 11.309851
 3992.000190 20.987599
 3993.000190 10.590927
 3994.000190 25.736949
 3995.000190 11.679148
 3996.000190 25.141754
 3997.000190 18.160492
 3998.000190 12.174642
 3999.000190 9.477046
 4000.000190 15.403253
