-0.000000000000000000e+00
1.000000051980051152e+00
1.538161654894469210e+00
2.531525827549974128e+00
2.536127954135151352e+00
3.165623835034327538e+00
3.596282873817851833e+00
3.440270613355458362e+00
3.481346198573296302e+00
4.070630076304006195e+00
4.293417972043901187e+00
4.422354514033368211e+00
4.580186575562221307e+00
4.709542994668716176e+00
4.942813895940651570e+00
5.139181364443421884e+00
5.194549322761147003e+00
5.248358606074824628e+00
5.464902862998092026e+00
5.738988395020626854e+00
6.011549005236070720e+00
6.091029887940493381e+00
6.259207521013411046e+00
6.265390985817853142e+00
6.521798119950575234e+00
6.678051624728780666e+00
6.859287746852255729e+00
7.041701659592871643e+00
7.203900267726690565e+00
7.333131628624172116e+00
7.592541994447115528e+00
7.663845441760384958e+00
7.759792730921989623e+00
7.815658471655888562e+00
8.079836304922007884e+00
8.243797385097851205e+00
8.197859523395880643e+00
8.215878897112927959e+00
8.381793245868745856e+00
8.503975998978424045e+00
8.399070313757341921e+00
8.476643590345901202e+00
8.600818212897040738e+00
8.855328236024050170e+00
8.824179102721677381e+00
9.057253221511981423e+00
9.091706492421584684e+00
9.229443239103446217e+00
9.314112440463606646e+00
9.510595813262705533e+00
9.684369177723510802e+00
9.740027079682864297e+00
9.854543153265478139e+00
9.906142912250663457e+00
1.010874973387707243e+01
1.031848287734290004e+01
1.020419745783869914e+01
1.008470025157095229e+01
9.987826643679166949e+00
1.004208555258797908e+01
1.000744948925222921e+01
1.007300517672532081e+01
1.016308974308808111e+01
1.020090570488824611e+01
1.021022387759687611e+01
1.017195646422933741e+01
1.029682978728172493e+01
1.041202110440144146e+01
1.044739414676557843e+01
1.045429760310501521e+01
1.060914805845902542e+01
1.072079016924477379e+01
1.070286635400415065e+01
1.090014506804210193e+01
1.099861571784272662e+01
1.115132793848235515e+01
1.125434451049043005e+01
1.132351461475495213e+01
1.145195949785540712e+01
1.149244687818895905e+01
1.149056304615476343e+01
1.155526577493438012e+01
1.163391298444820521e+01
1.172839374362910547e+01
1.177095234550189495e+01
1.184489281142294814e+01
1.186865672861616439e+01
1.202554498758228796e+01
1.209662778304182673e+01
1.222358608433805749e+01
1.221503330554767963e+01
1.218186142424724316e+01
1.217189033618344496e+01
1.219032850462029316e+01
1.234031607398892127e+01
1.243341148651617978e+01
1.243354376232051273e+01
1.248576025650622334e+01
1.248889540660346675e+01
1.258773503337815569e+01
1.266526934055333165e+01
1.272857092038620408e+01
1.285188715029091888e+01
1.290815057872459093e+01
1.295867353493204455e+01
1.287925715171612318e+01
1.287324955212180555e+01
1.290177408422312233e+01
1.303904936498289224e+01
1.317705803177301682e+01
1.331865464714022274e+01
1.329003793263595234e+01
1.338826434831566736e+01
1.356240297801502415e+01
1.367471507547505460e+01
1.364920755064831503e+01
1.367633522257240486e+01
1.378554879084969187e+01
1.375888859222735938e+01
1.376841263922388769e+01
1.372194976704230918e+01
1.380429648851643520e+01
1.392209622124870094e+01
1.390289752173105775e+01
1.404698110907814268e+01
1.417656176129436574e+01
1.426683262918224671e+01
1.433534774790015653e+01
1.444421256491995820e+01
1.446516535439556428e+01
1.450671630419646085e+01
1.460508100609063398e+01
1.468187307036210498e+01
1.477873396494674907e+01
1.475745741181877868e+01
1.481819611442334939e+01
1.482687071020363057e+01
1.482487659927251222e+01
1.481269460471719590e+01
1.482549443533021005e+01
1.484338751293651981e+01
1.485829740128773224e+01
1.492358072387562018e+01
1.489488541715647685e+01
1.498899083060198656e+01
1.499407328981454768e+01
1.508567230485553878e+01
1.517661583848649265e+01
1.526767476260397238e+01
1.529813079127263720e+01
1.540440483176116970e+01
1.551349146201398099e+01
1.558339587560320538e+01
1.569840282527163922e+01
1.582211037397207498e+01
1.592355513094248920e+01
1.599767841360124621e+01
1.613469688893372833e+01
1.615126360434544495e+01
1.616897817744176180e+01
1.626564175227008846e+01
1.628692959938277696e+01
1.639701586476850892e+01
1.648141851964546234e+01
1.660676732706469849e+01
1.668027006898460129e+01
1.677248231549233637e+01
1.680920459255021626e+01
1.679720357954496990e+01
1.682746322001448291e+01
1.688952046563751708e+01
1.689505790803115559e+01
1.691624035449432739e+01
1.697468323401737322e+01
1.708885665209373173e+01
1.712992152088916598e+01
1.720894303427476046e+01
1.731469919128204182e+01
1.729234281114894145e+01
1.738236261631992008e+01
1.741637434561283726e+01
1.739703857270072618e+01
1.741443596809712702e+01
1.739822170332034545e+01
1.737485077917450838e+01
1.743335511737269883e+01
1.743556564188861202e+01
1.749511075164604179e+01
1.753119928545616091e+01
1.753125291573207534e+01
1.760634019140069384e+01
1.771823152100825638e+01
1.768172084255977694e+01
1.763263729967544080e+01
1.767498514371766305e+01
1.771614241476069296e+01
1.778550456205042352e+01
1.785029144767532117e+01
1.790453478170704926e+01
1.800888209003898055e+01
1.807946240414690919e+01
1.812177900812108788e+01
1.814984480014245349e+01
1.826752727416060296e+01
1.824783381400898108e+01
1.831969190176230455e+01
1.832358913474599049e+01
1.836287058123861016e+01
1.837060302564476189e+01
1.843630312714842034e+01
1.845320416687083664e+01
1.844255437646827289e+01
1.842610493669931770e+01
1.850589199030645204e+01
1.852522874396489172e+01
1.860530207518854340e+01
1.864861102789330261e+01
1.871490711008636154e+01
1.881598156418244727e+01
1.895850880852222886e+01
1.900091090138975503e+01
1.898529630945263236e+01
1.906503018528393056e+01
1.906249545998444361e+01
1.906608661356039036e+01
1.909041152450896917e+01
1.913793949780621872e+01
1.913683792976849318e+01
1.916632562824528208e+01
1.914090986115059323e+01
1.924403189724742447e+01
1.925468720298339065e+01
1.925716960904966513e+01
1.930829666948721268e+01
1.941859117691016579e+01
1.942181954049698689e+01
1.949820062103917451e+01
1.950570663379510350e+01
1.949363122644722068e+01
1.957174773169844073e+01
1.963361870600625636e+01
1.972563051952169388e+01
1.982233220907314220e+01
1.988556891499061052e+01
1.987953886676558923e+01
1.990144816843845277e+01
1.999107496402618267e+01
2.007400055294525387e+01
2.014107573687192243e+01
2.013890917476978970e+01
2.014044048869768133e+01
2.021273402268707287e+01
2.026604493571488774e+01
2.030886681441398522e+01
2.039887325311752164e+01
2.051922767720190777e+01
2.061832421142995742e+01
2.064749827847381169e+01
2.074287071539585980e+01
2.073280456727519905e+01
2.080013823785602511e+01
2.078899450147680028e+01
2.079228362226838556e+01
2.085131603324484573e+01
2.083684976284989432e+01
2.077945425771912369e+01
2.073555196715940241e+01
2.070858409406600131e+01
2.074813905570192674e+01
2.080422339127446918e+01
2.080483250868072886e+01
2.081778660340157217e+01
2.080816866337282889e+01
2.081089868700529522e+01
2.080190306184092108e+01
2.086846100894185696e+01
2.088622895373262622e+01
2.092026463349940002e+01
2.099215898378784573e+01
2.104403836171435316e+01
2.112632035407078490e+01
2.115964422700006153e+01
2.119795932803150862e+01
2.127915538515338767e+01
2.132773758290261767e+01
2.133700051974112100e+01
2.131943746747288060e+01
2.132826316379913578e+01
2.130675296603657998e+01
2.132438686095645508e+01
2.130319424994008060e+01
2.131089656471520399e+01
2.138889991242480093e+01
2.146871339229247155e+01
2.151557351417225306e+01
2.149047449429163947e+01
2.158039614740226142e+01
2.160348004048169557e+01
2.160080571240885661e+01
2.162592201221326604e+01
2.168300494821573920e+01
2.173654152800341421e+01
2.174082659667474360e+01
2.178717693199552485e+01
2.185583703348086360e+01
2.184354520218525053e+01
2.186424675790174987e+01
2.188611211136604240e+01
2.187717486053543681e+01
2.184750696910892742e+01
2.182551926306445012e+01
2.180221800690733858e+01
2.183978442933806008e+01
2.193383767365194004e+01
2.200821440556729414e+01
2.203379520904289279e+01
2.205159434215278225e+01
2.203460518940411461e+01
2.201091842156384004e+01
2.204967504563040848e+01
2.209753249300175781e+01
2.210931965887078121e+01
2.214426417133243419e+01
2.218465268199253515e+01
2.221934228852469317e+01
2.224831539186854101e+01
2.227964845740937605e+01
2.225518910001552797e+01
2.232106528858686190e+01
2.231719166005532529e+01
2.230804814922075963e+01
2.232658476645653778e+01
2.234974292042985056e+01
2.232545936580839196e+01
2.234467207740461703e+01
2.232977024734885063e+01
2.233632362174618891e+01
2.235120754011407485e+01
2.236529160044342746e+01
2.242497092914023682e+01
2.248225665747938251e+01
2.256116467991003205e+01
2.264903299019367111e+01
2.265813524563582249e+01
2.268466626584269363e+01
2.271366655309507365e+01
2.281170251043127095e+01
2.284450077426597048e+01
2.292687021285240689e+01
2.292695523703955729e+01
2.298212948231379826e+01
2.306049295408113764e+01
2.308586859409412995e+01
2.311333812790798348e+01
2.312079920385186682e+01
2.317377534442691456e+01
2.319787847155478744e+01
2.327276822306562565e+01
2.335267006311938331e+01
2.331942704852743020e+01
2.336779562265252608e+01
2.335479267275716353e+01
2.335297006380341500e+01
2.334035983065810527e+01
2.342886763887424451e+01
2.345377512988145696e+01
2.347470182214383883e+01
2.346683107352543729e+01
2.347599138137413988e+01
2.349330035676695871e+01
2.356449613660688058e+01
2.364103070462662259e+01
2.369325496855254087e+01
2.372994772026573784e+01
2.376194337869295836e+01
2.379494392901948530e+01
2.382723083879865200e+01
2.384393712466642867e+01
2.390492065216150408e+01
2.398148429296169937e+01
2.404364534740952308e+01
2.403094539110863792e+01
2.410458748896987657e+01
2.412508352029855629e+01
2.419421516535548378e+01
2.420387632388757027e+01
2.419943342105387885e+01
2.417316229869949495e+01
2.418740443155752473e+01
2.417835759398828444e+01
2.422133799759763306e+01
2.424310397125909233e+01
2.431190103104472300e+01
2.438480724972626490e+01
2.446995857598455260e+01
2.448104149401132190e+01
2.449438694589175469e+01
2.450297486767159683e+01
2.456499997300119276e+01
2.457393955584122835e+01
